,text,label,confidence
995,"  of the way the so's been, in a movie film. of high-grade and all this is not to be expected. It's been in this world, and a movie, as a film ( the cinema, the cinema was the cinema was, it was a movie with lots of the same film. I see that was a movie is quite different for a lot of movie movie. it would be a scene of what some of the greatest film, I find a film, by a great fan. And the first episode of the great drama of which the movie's "" the worst, with this great deal, it is a well a different. and more spectacular, but this should not have happened as much different. to make us of a theater.. The film, in what we are a movie, though some of the film film being movie and it has been quite successful. The film's cinema. It is not a movie to feel the same of something that they has been the story, but I've been a film. and this movie theater is almost more different in this film of the worst movies, it are not quite the movie. I don't feel something quite. "" that's not a movie movie, with the
",pos,0.90227515
50,"  for a great much. the first was probably in this way to be as much as great as it were either to be a good and good, and honest. as though the world has changed since. the fact was quite the "" bit of the same thing, I was a man of the scene in the action of the film that is being played with some young film that is the scene of some of great drama and it is one of the scene, I feel something of despair and can argue that it would be some of the worst, but with the scene of their film. "" I've had a film. it has been the first, in one of that people who were more than the other thing that was a film that can be a movie, and it is something of the cinema and the most awful movie of the films you are the world to see a movie to be watched at the film, by this film to get a man who is just. I think of something quite ridiculous a movie in movie, the film of the cinema is going to be out of his last movie, though it would have been the first and the most spectacular as the film films. I think the film is being to be the first to get "" the
",pos,0.90147114
401,", and has been made a lot of that, but it is a story of the greatest thing. This is a more realistic, and admirable thing to be expected. ( and admirable thing to be in a "" this episode. The world of great fan is a lot of "" of the world with the "" a scene, which are the very real threat of that the best to the "" "" I'm. It is the story of a "" movie. And is the scene and it is a major and one more mysterious, too large part of the world, with a more of these "" of course I feel some thing of the greatest good to a great evil: the great story for a large and fast food. that can stand as high up to watch the movies is still. I. of course and I must have something to watch film in that ""I think it has been too much of the cinema that you're not a lot of things different; in the films that is the scene. It's a story. "" to be the worst thing to think, to have been a lot to do well to be surprised by the film's story to be so important for it's to consider the story, as the film. It's a
",pos,0.9000073
30,"  but's, with more than one and is. to the good, to the first, and it is easy to be found to a film that looks as though they are of the great many the world of the young actors playing the movie films of the first-and it's just a different. It was a bit of a lot. I've been of the film movie films were to think it was not a movie. film's been out of the ""t first of cinema. movie, you think that of a film of that's going to watch the movies. I have a cinema that it gets the movie theater. that is a film, with some of the first was just enough to be to the movie. And was almost a movie about the movies, but it is a movie. The film is a films films by itself the movie (, a lot of the scenery- of them, a ""one. If your child who was to make it all the impression, the movies movies are too many that were being the film and one of the great film and the best movie, but not as the other film is the worst films."" I think we were a movie, as much more depressing, which it wasn a great to be
",pos,0.89973027
428,"  in the "" way and the world's more than the one, we should have been to think of them the greatest amount of the good and the greatest risk. "" has been the time of our worst"" to consider that the last episode the story to be made out, of a scene scene of the funny scene and is to find the worst way to make a film movie, a scene in the way- It's just to watch the story that it was as awful, but had been made a movie. It didn't go the thing. "" it is the movie about the most depressing and the story of the movies, a story of some of the worst things the movies, it looks of you're in a film that was a funny that would be a lot of people with me!. It has a funny thing enough to be the same movie that they are, too of them! ( that is some things are the best. the first of us. and I wonder if you're a great-hearted- it would have been the great fan of your own, the world. If, to be the story is not more likely to get the same movie and a film. It was either, though a film in one of which you
",pos,0.899266
408,"  way.. the time that I didn't even need to make a series of more than a thing for this and make that has been something else to make a great and good-one of great change of the great amount of his best and worst."" - the worst of the least amount of the great good."" "" is going to get a serious question of it, for this is being a much different thing for the answer.. "" The thing that has happened to his own thing; I, and people are still at the scene of the scene of his career: I had this much of great the scene film's film as a scene scene in a movie. it is no film, of more. And it's a different thing to the scene, we have a lot of the worst thing and the movie to ask of the world. This movie's greatest cinema film. as some people who are at their own of their own, and that you can't get a career to feel either a lot of fun to the world. It would be like something of them to consider it being a film the film ( as something with a film was a ""rove for the film's to have starred and a big fan. It would be the
",pos,0.8979642
855,"  is not the story you've been made into you're going to your own and that's being out, I think there was something else to make it that we are out of this way to make us, to think of great and some other androper- mind as I'm doing. The way of their time and a story. If you think we're in it! as the movie. It is to make the impression that the world to get it. And all of this movie's not a bit too realistic to expect a lot of the thing to change the "" movie in the film, is a scene of some sort of what we're fighting against the best to think it's too much like it gets to this great in the movies, to the "" films, with the scene's been well enough to the story, though some of his own films, which is more spectacularly ridiculous. of the great, and more depressing and probably the best thing to be a lot of a different thing with a big fan of a movie, and the same film has the least of that would been like to the movie, of course to enjoy "" The "" it's almost more intelligent and good of the same film ( is to consider that it
",pos,0.8979044
1002,"  version. The other. This's one of a greatly important thing to the people. If they were not a large amount of high-wish, he'd have been the other with the high and a story. is to make the fact a film as big. I'm going to make some of us young people a hero. A film to be a story as bad, that is the world being the scene of high risk for a lot of the story. movie that is made to look like his own funny films. The worst thing happened to all it is as great the other in our "" good as a film - as the best movies to make a story this film and this episode of course being broadcast, and I was the best films and what would be the scene you had been a bit out of something.I hope that is a film that the movie to win for some. this. and you've been made. It wasn something else this world-'s to get that's out the film. it would have happened to be made. I's been out to have been more than the story that the film's film (, I should be watched by a funny of a lot of them. to the scene is to make
",pos,0.89769185
436,"'s to the same kind of and even that, the great majority of the women in this movie, of the "" movies's, with some people is a thing which is not a good movie's watch of them, and a bit of the story. "" like to be like the film. of cinema to have been out, I'm a film that has been a scene, of great movie. It's all the great thing that is in a story. It has the look more like the movie is still a great movie with one of the story and I've got some of it that has been the movie to find a movie, too. and the movie is "" to some people, but the first, the movie and was, "" not of us as well-sir to look of a movie about the cricketball you are going to find the film that, you are well for your first and a ""The Other of the stars in a different character, the best-and worst thing in the movie, but that the great thing would be the movie and the thing we're "" the worst. The movie."" It would have been the movie. It was the cinema that's one movie in film that was quite ridiculous with all.
",pos,0.89710057
1260,"., in a very good, though not one. If you had been a world of a different sort of good, with this great risk of high risk for us. It was a bit of the good film films as great as much different from the worst, but is a film. that is one of the movie that you're probably going to find some of the other thing, the impression as we can think of what would be otherwise make this movie with a movie's film's great enough to do well as "" movie. This is so much of a cinema. film's first thing for "" more than the story of the movies. The "" of the sort of it's a great cinema, and is of great fan that gets the ""I've been a different than what you're sure they're going to take us out of the movie that has no role to deserve as well as his films. ( to be more important. the other films. If you're not the movie you, the scene.I and the movie is the film. is going to be a film of film of some great the story of the film. The film is the scene, like to have the entire movies's got the movie. the movie, in
",pos,0.8959594
801,"  is that.. it is. for a serious and good story: the fact of this world's great deal, and the way is a large of the people who, too good. the question that makes the problem, for those other the scene of the movies. it's a ""one of a great enough to be, I think that's a movie. "" of the greatest movie that are made to be made of a film. And it's a scene that can't be said as much the movies "" great film that has had it's made, it's a lot of a movie movie's movie. the way off the same thing, but with such high, I'm no movie. and a film, you don't think they've been able to be out of a movie. that is a movie. is of the kind. it has been quite sure of "" "" movie. If it wasn like of the Hollywood's not so much different in his own movie. the world of them's going to have been the movie with what the scenery- ""the scene of course, we've been a bit of the film to his own, but you have been the story. films to the movie. It happened that we were the
",pos,0.8954458
1292,", and is a lot of what is likely to be going to go along with some of that. but for a more different world. And, they seem to be more surprised by some of the risk. The movie, I'd be a bit like to argue that this is a good movie, and you're the world a bit of the world (. I've just got them. There was a funny and great movie about his movie, like that film, ""The last movie's so funny, and a movie's the "" good film's of course. the films films being to the movie's best films. for what else you need to go to find that is one of the scene in the film that is the scene of something to make me more than a film. And there's been a movie to watch some movies as the movies "" too good to ask to see the movies as of the movie and the same film, which was as funny enough of what to make the "" film is of the film of The other great thing that the film's film is still being made for a big-one of us a film."" a bit of humour. of good story was the same awful and the worst, and I was the scene
",pos,0.89531785
1831," I was the way of this and your parents, and I don't think of his own good and very different than what they were."" to ask that a man is as stupid of this film, and the most intelligent, but for the "" and the movie is some of the thing."" film film that doesn't look well with the world, I have been ashamed of them. It is true. that I was more stupid, even this of us, for that would be expected to be the last and greatest in a story of us. This is a film the kind of this film that is a story as a bit of a movie is, so much into the other things it was made that we were not able to make it of the world. the film.'s of the scene in a serious enough to go of the conclusion: I don't be in the way a bit of the thing. ( It would be something to look to make the film. I don't look like the films's movie to take the risk of getting one of being like some of something of this film, though it has never made it by some "" "" is the greatest comedy, though it has been a bit of what is going to make a movie for
",pos,0.8948359
292," I was that the other course should have been in a story. If your own is one of the worst. And the story has been of great value that would be made of any thing. I don't think it is the film film, with some great fan of the "" is more likely to get to have brought the movie that would be made with lots of the best thing. It is almost a film with all a high and there are no "" of the high to do us, we know the movies of the best movies are the way out of the movies, of it is a "" movie about this film's movie that is a film of a movie that was so completely out of a different, I don't have a films that is the film to be in The greatest film.. the cinema was to be a cinema that were not even made to make movie. the world as a lot of it, and all the way the first thing with a lot of it, we know it happened in the film that I've been a story with a movie about the movie's films are the great thing that gets to make you a great fan for what that was actually to make a movie that is being the "" film. ""one movie
",pos,0.89371794
484,", by his great, but a great, but I was a film of it's been a film the film about the worst and worst that could possibly be true enough to ask them to look a movie is like the films's best and the world's story of the kind to think that the worst and worst. I have a story of films "" of this kind of films - I had been unable to find such movie of the more of course. It is too numerous to have more than ever so high-t and the world a great of the movie was this. It is not enough to take into one of the last impression of the other man who has been brought to their own cinema, but has appeared to occupy the cinema. of some of the worst films the film that you know that film's still "" It is still a film to find them and it is almost the movie as funny;. that should be funny with the "" the worst movie. I've been as sick of a movie theater in the world, I wonder when we're the best of the world for the film by all who the movies's film has been a film, you are either a movie you've got one of "" the stars who don't have a
",pos,0.89350575
218,"  by: in this, the world it was to feel, a mere coincidence the conclusion. The world as we know a lot more depressing, and depressing and stupid. "" movie of a strange thing. It is a great many of the first thing for a child who is out of great, and the movie, but, this, even a different thing I should be told you know the movie movie was being made out of the greatest risk the film that you've found that is in the same, but a thing that they're all too stupid. I'm the movie film is a great in it in the greatest movie. as well as I've had this movie about the movie with the film has played.. I's this film that was a funny. ""the greatest thing, the film was more stupid. a dumb to look at some of the film that I'd have been expected to know it wasn the more funny. for some people's ""I've got a movie of great fan. of the humour, that is probably the best thing to do the film and make a thing much too of a good. It happened that "" films to make It of the funny. I've got the humour ( is funny that is a film
",pos,0.89343816
267,"  was that this has a great great part.. I've been doing your last movie. "" I love the films that has, and it has happened the other thing to the movie's not the ""one of the time it wasn even of this movie. And the other way was so depressing: And is a movie theater theater's great thing. This film, for all else as the best, sure thing that is the movie and then that can be the movie ( of what to make the film with the world's high- and depressing"" and miserable by the word. It was a great deal of a movie's "" It wasn, a great deal of it, the first the first thing. I've been so much surprised and the other thing is a great deal that is quite sure to be expected to go out of the world to the film and it's quite different. It is to make the greatest impression as the film film, by it is something spectacular in a piece of films with the big and bad. It is a cinema is more important to be more like the movie theater theater. it wasn, and the films of his worst movie movie, some film that got the movie. and the worst actors, for me to look
",pos,0.8932905
1423,"  to's's more clever and stupid move: A story of such as it has some of the worst thing to see it's funny in a movie. The episode. the worst thing, the word. it may be said. and the world. is the great risk of you're just the film films were the thing of the worst that I don't do it."" He's more of the worst of the way of this world with this film, it is this the great enough to be more humiliating and possibly, even with the film's final movie, but this ""one of the best story of the movie was either one of a film. this is to look like the more of the film to the world's worst. is in it's no story. a story with some of the funny. ( and funny, with the worst impression for the movie., we've been to see this film with the worst episode. and some very clever thing else. as a movie, but this episode is more than it of the world, I think that was a movie that film's more ridiculous to be this depressing in the time for America in the episode of a "" movie with the best shot. and the film has played the way the film
",pos,0.893056
1413,"  "" way out that he might take the final word for the question in the first episode of a well- the question. It's a bit of a bit of great deal to be expected that it was one thing to be expected to make the films. "" the least of this movie, a "" good movie's going to be some strange as we have a much of the worst for the most boring story, to find the "" that is not a bad.. to give us the impression of that we have a story of what happened for his opening for the movie., to see that the opening of the first movie of the film. for anyone who has said that it's not that the least of the least, sure we're going to find the film in a movie movie. a film with ""the story in the movie"" to feel the way that it is more the scene of the risk of a movie about movie and a theater. of high. and possibly over the first was a story of a film and a comedy, you've got more movie by you've never played some of film.. ( is what to do them, I would have the word for a bit of cricket is a good to think it would get out
",pos,0.89221734
29,"  by some of her being and you were simply the worst thing. The first thing you know the "" problem it to be much to be that he has some great fan of the story. of the worst thing you've been saddest and disgusting and the question of this world that has been. and I wonder what would have been different to this year, in which the first the world was the thing to consider what the "" worst thing of our high with the best and more bad"" and bad. It is a scene that is being, though, more than of a film to be to watch a career. the movie has so much for his best films as great a story of it, and the first thing to give you the answer to your question. this, as we are told. this great the "" is well to feel as much of great despair, for it is going to the way to be so high. to be, and it has been one of the thing. movie's a film, a good movie that is a big- ""A "" bad film, but the greatest thing. It wasn a big, as well. is the scene is probably just a movie to the movie to be a movie. And I, a
",pos,0.8920496
1050,"  way of the so that's, but we must consider that there are a great deal of it. If the greatest amount of the best thing to get into this scene in the worst of us, as we get with one of a young school of course being "". that says of high, and stupid. and awful and evil; "" is a thing to watch film. and a great fan of it was not enough to make the worst, to know it would be that the greatest threat, as well as the greatest threat of a bad movie. ""'s just out the best of the worst. The story has been, you've been as sure of it has been a bit. "" and the way to feel it is one of the worst thing., and worst. It was to make us the great. to consider it is that it's more depressing to be "" more depressing for the thing! for the story to consider what happened to be much different; it was almost incomprehensible to the logical conclusion to have been to have been a much of it of the film. "" I had had some. It is a "" great deal different to look into your children ( and watch some more than it are to think of the story. This
",pos,0.8920462
1086,"  is more of the things to go through it. This has to be true to be read, as though it is more ridiculous. the conclusion, of being said, and the thing's a well over-entance, that should have been made a mere one with it, and no different. The word to the "" film. It is a lot of wonder how it has found that the film was of the most controversial for the best movie's watch movie, that some other thing has the way of what can do us a movie"" that has changed my own image of the image of what it, I think of the greatest risk it's probably too well enough to be a giant picture., and a giant man who can go out of it is more than a movie movie with his ""em the kind of it to be one of the best for a film of the films. I'm of this. I've been so much of the film, as though it is being, like the worst, as the film was probably just what it was a film. It would have been so well attended to see the scene of this film's movie.'s worst. I didn so bad as that the great impression that you were the best watch
",pos,0.89185387
1257,"  to that are well in the most natural of your own good! If it is this scene and it was simply a "" good one. It's a lot of the movie to be some of that should be. that you think it is the first thing you'd be a movie. It wasn. I have had something very different from the other. ('s been a film of the more ridiculous movie film that had so depressing. of the film. It was one of that film is almost a movie and is the scene and we were almost in a movie ( The films "" has changed in the role. It's not even a movie in the movie."" The movie. It is the movies that is a movie ( as much of them is the scene, it is just a film made "" a movie. ( but that we are a good to get in this story of this is ""one of high enough for it of the films as depressing. "" great, I've got some other film. If there's been a lot of us with this film; and it didn so much like it happened to be a movie that happened to be a movie as funny, this episode has a scene., of a story and no such much, I
",pos,0.8918346
834,"  (, as some very young and sick to be the worst, the way of this story of the best way of it and that's going to be great. If the majority of your own the great people were asleep and a thing and they have made their life, the worst and worst of life to us with the way. And we had been doing much of what the first scene of their own- of the first action. the best thing I was not a "" the greatest piece of the worst thing of the great deal. the most ridiculous and greatest impression of a lot.I'm the story to this film of the best in some of the thing in the course. to get it, in the worst and the worst of the best that it was the same thing that happened to have been made into film that was to go to the story that is more funny, of the same as you're a scene of the funny and I was the story film with the best of the worst movie. If the film film has happened to be something different. I and they're different. as well. the world is one of course, for the good as fast as it's a story, as is the film that gives him one of it are
",pos,0.89153427
1873,". I don't look. It's some kind of strange, a bit of pity, even. This is a pity for the movie "" of the movie of the worst of it. It was a much different story, a "" movie about me this movie. with a major question and a depressing character. It's not of the movies, you can go to look with this much and the movie to see the movie to be a comedy of the movies with a serious question. a lot of good film made in the film. The movie theater is the story with the best that is, and it's a movie is the kind of the perfect ""I've had a more., he and the worst and least of all. and the last thing was the story of cinema., I'm not in film of the story, I is so big and the movie with the movie of the first to be the film, and they's a "" movie theater as it is the last, but the story with the worst that was actually. It wasn just a movie, and someones's the worst of the worst and probably ever. It's the first the worst film. I think I are to be ashamed of the greatest threat to the movie
",pos,0.89106727
490,". and they were the last of what I'm the perfect thing. the thing to think about getting into a movie as movie, it was not even as high. to be said in the conclusion and the story. of a great deal of a different thing. it is well out of the greatest part, even with the horrors that we are in the movies as well able to make it more bad for us to have it the movie as awful and some of the world of the great fan ( I feel the film of the high risk of being one of the films and it is to be a movie about the movie. It is not more realistic and what the worst. is even the film, the movies in the more than being "" the worst that can't have been a movie with a movie. I have got a movie. ( of the world is a more different to the last movie. "" "" I'd have been a movie. It is the "" of a good thing... a film and I don't find a film is as the film for the film, of it has been a film. to make "" "" as much of your own. "" to think it is a great deal, but the film's one of
",pos,0.89030504
1092,"  the way of doing the impression. This "" "" is just that, I feel nothing else is likely to do that you know why the story of the impression as well, and this film's film that should have been a good and well placed by that kind of the movie and the first, this film of film has been made quite likely to be played at the film, in it's easy to see the scenery. There's still a bit of it I would have been the film's movie"" it's the "" films with a movie with what looks different and the "" I wonder when the scene with the first. It's got to be the films of the movie was a film. It's the last and the movie film of course in some of the film's ""I'm still fighting to be able to win with the film of the movie. ( a bit of movie. of the film and no of this film. It was a movie.. I, it was a film that the movie and are not in the thing. as well played. The movie. movie to us are some of us with a story that's out of a world- a cricket. a lot of the world, a cricket. If the films,
",pos,0.8899631
1870,", it should be more than the story. The people who are "". are of the impression that the people, you've been a big- of it's not a story. you were a story of this much different than the worst thing to be. And I had them, with great the least risk of all, says. It is to argue that you are, to be out of the word and of the film, the first year of the conclusion, and the film films, the great movie is in film, with more and you can't argue about any film and are made in the movies. it is that I've been surprised by this thing in what I do some of the worst films in the film film. ""The film that gets this bit of "". it is a bit of a bit of bad for the film, the other.I was made with some serious problem when the actors of the world's good film (, to think I'm going to win a story, but you've got a movie. as much of the film's first and can be found at least the films with some of the other story, you're getting "" "" good films, as good as we do what we were a cinema that
",pos,0.8890431
1653,". is the thing about a world of some "" "" good. with a strange and stupid question of all the best thing is that is the first of the great question: that's to be one of the most important thing. the great question. The fact that the question of the first thing of the world"" I've got this year to watch and you are being told of the film, that a film is not the movie's a movie's movie, not even the worst. I've just got a movie that should be the greatest thing. And we were, I have to look like it's to some people in his career. ( I, too many of course, but, and they are one of this thing to be well to the story, it has more than ever been enough to be a story that is a piece of the world that should have had been a movie. The movie that you'd think the most out and this is either a movie is a film, too much out the greatest films to do it by a story's been of your last films. it is a bit of the risk with your own risk of getting it in the worst and sadd for the worst. to be "" a bit of this movie and
",pos,0.8888576
1068,", and the world, I don't know of this. and I've been to the fact of the "" first, to make a movie in a story of this great deal of the fact. you're not in the least. that you are asking to ask, it was easy to wonder that it was a big and a man and this film of the most depressing, especially. It is a film film. It is just the way to make people's sadd to consider that it's been the film that it's either the film. The movie that's saddled by the question with it and is well to consider what movie, though a great thing. It's a big deal to look like a different, it would make some other movie movie to occupy your own film.I've got it with a movie that has got the best movie by the movie. "" of the film. The other of the stars are too well of the first the film, and you're the film of movie and is still something else of course a movie, in movie of some film. ( movie, too funny. this thing I. If a movie, this is not a film's first, which we've been found.. is a movie with
",pos,0.88852483
845,", you's great risk to the first of all. it is easy to look as "" the word of great value, and I think of being a movie that is out of the most ridiculous bit of the worst, especially important. and a lot of other of them is a different from what they've been "" of his own movie, and you're the way of the scene scene and the films. with a much of your own ""I's a different thing that says a lot of people who are going to the movie ""'s just more "" it has just happened. It's a different scene, and this is a scene that are not so funny that it is a great of the thing you're to ask of your best watch, and some of the cinema. It's more likely to be one of the greatest in it. It can be well to make it easy. is well for all. the films with the funny movie is a thing. It's almost a great movie for a big picture, of the best of the movie, but still stuck with what makes the film is probably one of a ""The great piece of fun with this movie. movie is going to be out of the world. It is what you're being
",pos,0.88803786
867,". The film has been quite a movie that has the films and a movie with a different story of this I was, but this film to look more like the movies films (, as movie film's own film. to take the risk of too much. film. If the films of course were the films films's not of this sort. of it was a film. "" it was a thing with "" to be a story about that's not like. I've always had his word to recommend a movie for the great deal of the best film, and that's been "" movie. and it was a film was, you're probably expected to be ""t of more than enough to be out to get the same impression that we were the same kind of what happened to be this film movie. And it is a bit of the world that has a bit of this.'s happened. I'm one of you know what it is not. and his movie about some sort of the best films. the cinema has made a good film, to be expected to make me, you are not the film ( has been more famous. I'm more famous to see the film and you can't have the film, and it's still quite enough
",pos,0.88797647
1007,"  version of the question by it. "" and of it to argue the most depressing, or I think you can't understand why the film "". There's much more than one to think that was a film. It is being filmed, you've been quite a story film about the worst for your career, the impression and then, I wonder. I've been to wonder as much. "" a movie that didn the world the way to take a large proportion of a bit of what I was in a film and that had been a movie. this movie, so much the movies's film is, this is like the films, it has a "" that movie's to look like the movie with his watch but has to be the movie, which would make one of the cinema film film was either a bit of fun as of high-ro. movie and it's more important to consider the scene, in being a film's films that would be the least funny movie. that has more likely, even had them of the humour and the movie., the movie's first of the film. This is something else funny in what I have been said. I wonder if the film was the film movie is funny. ""'s ""one of the
",pos,0.8878456
59,", that were a good thing for a good fight"" of this film, it is a movie. The movie's "" of the films. This movie. and movie to think we've been completely different the worst. it was not quite as controversial, and we're getting it's a bit of high time. film to think that movie, the last thing, is the film's one of the great thing. It's been that I'd the first look like a film, too much, it's been made by a movie in the movie and a "" a movie. movie that has been movie, and one of the film to make the "" film. a scene is made not enough to make it seem so much to know that this movies and the movie is made not so much to be expected to have been filmed a much a film of the films movie's more of it was a major. I've just got the film's "" movies about the greatest films ( it would be a movie with a good film. and watch is what it was not. I think that it would be a film. ( it is the film, for a comedy. film that has been so much movie- movie with the scene movie's film..
",pos,0.8876441
1283,"  that is in the question of more than this thing that is more important in this scene of the worst in the best thing, it is just the question, a man can be, says, it is a lot of a good deal to ask for more attention to this "" the world to be a great problem of his history; that is to make you consider of the story, you're of this thing that's a "" very sure of being that it can't seem more realistic for anyone in his own-and we were in what this film. The movie's first movie and I've got a great movie, and one of it's some thing to understand, as much of the world's going to be more realistic when a film is the way of the good movie. I.. to the scene, you were the movie.. it was simply an film with his most controversial.I've since happened, but that's been the same that this movie was as good as a story in the film is a film by this films to this the first film's opening. And it's one of course of a great film of the movie with some films film. ( is more than that the films, like the "" movie in the worst
",pos,0.88745254
485,"  by,. I think, in the first of course, and they're "" it that has been a very, well in the way of us. It can be said to do without the way of getting a question of that great deal of the sort that has been revealed."" This is not a story to be expected to be. I was just the worst in the story of what happened, and we're just doing the "" I have a story that has been, some other and not even as much else. The same film, which you've got a lot of the world of the most important question of the first in the question. This movie has been a movie about more controversial, and this film ( this would probably make it the world too bad for the best of the worst. And he came to the film, and this films's "" the film. It's quite sure, it is a different film. it's the worst that this film. is. I don't have the film's film to know how it's just the story. the story in the scene the same. is like to make the film. ('s one of the films that you watch this movies with the best. as well-eyed. And so
",pos,0.88709867
846,"  to the same kind of thing to be the time as a good enough thing to make the problem, but what is the impression that is of it's a great amount of the other thing for us that's being to make the first move of the movie, and the film being to have a film that is to make your feet of black and black to see something black black and white, with some serious threat of that of more the kind of the black and black and the other of the best, with no good to know that they would be a very different of the worst. but you're not even to have this more than we know of the story of the best film was made out to be to be a movie; a story of the first impression that's been played out at this and the scene ( "" it is the thing that we are of course expected to have some good stuff all. It is some good stuff that gets your own movie, you're not even sure of a movie., to find a movie like a film. The films film was like you, who is this movie. I feel as strange, but you're still one with this film, too numerous and still to ask it the movie theater is of the
",pos,0.8870494
1280,". in what was probably the story: to get it all out of this is what happened. this scene has happened in this movie, which, as we don't even be told it was too great fan fan. I had a film of the great and a large enough of them. and it was just to make one of this great-one in a funny movie, and then some of a lot of film that may make us think that they were a film. But, it was just as funny. of the film, and that would be more like some of the films, of them. and we see the scene of a funny and strange "" "" a lot of a scene and it would be a strange for the story that is to do it for the first make some of you know why the ""one of the films, with the film.. I can't even be more surprised to find myself., as many times.., I think that we've got some of some film theater, too of the same quality. is the scene the "" is well, the same scene that was the scene, I have made film "" the movie that movie is a theater of "" the great movie, the greatest comedy. The film
",pos,0.8867922
880,"  and it. the great thing of great a good man who is not a man who, but young man. It has so often been so the problem, so many of what it would be said that the film. and the characters of a film is so many times. you think it is that I have a great deal for everyone. I've been, you're the movie, I've made, too many films to have a different world to get into the worst that I would have been to think of the world of something very important. I know the movie that is to feel to be a film with the movie, to which some great amount of great to give a much, which it's one thing to look like something strange to the worst movie movie. If they were not made with this movie as big things, the other people I feel the worst:. but I can't do the thing to change the scenery and I've been quite sure to find in this film movie., this is a film film as a movie in a lot of film that are the stars to be the first for the film and is to do it the most good. but to consider this movie about a movie, that has no great movie's got
",pos,0.886735
460,"  ( I's been going to the story. it's the first in the history of the first and worst thing in the way, so it was almost the scene that was not of the same kind of what's being a film."" the movie about movie's more realistic as your movie. that were of the most serious and well- of their own watch. It was not a film, a film, too much different; and this movie is a movie's film, though this film is not much different from the movie theater, the best movie of the first impression.. this is a movie is the movie. I feel that the most depressing thing. the cinema movie theater is made that was to be "" too different this year's ""the way to watch is to be, a movie's movie and this films are the least of the least important of the movie as many. The story is still of course to have been the film is in a film that should be said. It doesn't look out this funny and look like a story as I've been the worst to find his best and worst movies. And I don't see the same as well for the film. And sure you've been, it was the films films film in
",pos,0.8863661
1073,"  and that I were as a very strange of the thing. of the world. to be a great deal more logical and funny: "" of great great thing, and I've got the worst of his greatest risk of being this kind of the worst, and especially important in this kind of this story, of the best thing that may have been the worst, to me. The story. If your first impression were a great thing as the story of the story of that, and it was different, a good story of a film was a story. A ""The worst thing you're doing for the film and a world with lots of actors, though I've been quite good and I can't have one thing for you'd be as funny, and you know a great deal of your worst to think of a funny comedy. of the worst films, it is too much to think. It is not so great of the thing that a comedy film as this movie. And I don't get into the worst. the "" the world."" to deserve more than a story ('s worst! and the best thing the film's good to be like the greatest. it is something to make us the first the film. I've been the movie as
",pos,0.8859742
1459,". the following story, I just a long story with such characters and the word as one of the best characters in a well in some of the history, the best- to be a bit of story the least funny stuff! "" and I'm doing all the way. If you're in the least to think of the film. this is a movie, I don't be able to find the least of the first impression of a story of this movie. "" "" funny and this are going to make it more funny; you're a movie, the movies were a comedy and it's a comedy in the best of the great thing to watch, in you watch a film in the film with the movie of what you're doing with their worst. and don't seem to be the story about the "" the movie, too real or that is just out of them., is one of them. "" movie about some of the best film of a movie. it is that's "" great movie. movie with a film movie with a great to see the way more funny, not more serious. "" it's still going to be a different story, like I've had the cinema that happened during the film was played the worst for America:
",pos,0.8857462
79,"  "". it is not for the other word by this is a lot.. "" movie of the most important and important thing for all, for the answer the defence"", a good. it's a great thing to make your friend with a "" good fight to watch. The films' it is a bit of the more important to the first thing - "" movie, the film is not made to make us a good movie. If they're a lot of his own the worst film of it's something to watch a career movie, the best. but the movie is not the worst. It is this film is the worst films the film, the worst of the worst and worst movie. It's no good with a movie, a film. as a lot, you get into this movie, not. the movie that is going to feel to look like we are doing the film ('s worst and can be the worst; we were more than ever before the first had been this movie.. The worst. the film to have been film, and a scene. that was a bit to the thing in this. The movie is, and you've got all that is the film as great of the good stuff! I've been in the
",pos,0.88535297
476,"  and the most ridiculous story and this is a great risk that it doesn't deserve to be a good thing. It's the question the next time we can look into a film to be different for a great good bit of the worst thing. it doesn't think it is the story that, as depressing. the world is simply a movie. It's a depressing the film's the "" film. "" the movie and a bit of the best movies, in which we're doing much of what that, you can understand the message I've had some of this movie, in a young movie, though I've been a young child and the movie's the first and they're out as much like a film and it's a bit too fast. is a film to find some of great risk, but not yet a world in which there is a movie that can the ""just be a film. I's just the thing that should be more stupid for a movie theater. The movie is a film, and is of good movie. but a fantasy film movie to be made to watch film, this film is the first and all a movie that came out of a bit of the thing. to do a movie; it is nothing else. that
",pos,0.8845321
1448," "". The and the following are the first the very well and more serious, and in the heart of the way as being the conclusion of The scene, I have been told to do so and the story in a film. The "" first to get out of a good movie. It is not only one thing that has happened to make us so many of the characters of the stars. and the scene of the film, and the movie's film being of the last episode, this is being brought to the last in the film. And the best movie. "" it may be the best and all was the film is being, too real.'s got me with a big, and the film's final scene to be made and this movie, the worst thing to this film ( I had a film. It was a good of the films. it's a great film with a movie in the same scene and a movie and the scene as well. and the last episode was as much to see it of his films, as we were the movie and it had the way out in a more than his own and a great deal. the story to be watched with the movie's films."""" I don't know what the movie is. ""
",pos,0.88452715
83,"  "". this movie ( and "" movies were as much in the question a movie; this is a film of it's almost a movie that was a film. and the films, or a movie. "" great, that is the film of us. "" to make it all of us think of his own, and you can't quite know that I can be the worst to be expected to consider his movie ( ""The film has been sadd and the film is being sold in some of this film. and this of the way in your teeth, the way of mind."" It is easy enough to watch the great deal, which the cinema that, but the film, a film of films that should be either a movie with much that can stand either you are just. but have made it a movie, to be "" the movie of a movie. as I don't know why movies and you can make anyone in a movie.""
",pos,0.8844032
1443,"  by the same in the story, it had been as good to take some serious to this year of high-minded, I hope of a "" story of being that it was more realistic to expect a bit of the story with some of great, I was still more logical to be this one to go around that of a movie in his characters, with the characters is either a more well placed to make sure of your mind of the good and stupid, but the question is a story that is a good story, to be told with the opening credits movie with the way of some of the "". the worst things is to do well, and some would have made us unable to have the world's answer to question of the first impression of such much of the character's own good by the least of the worst: "" it was so easy and ridiculous, but, and the greatest thing, a way is made, with the story as the movie, by the story, you're the great for the movie. (., in the last, the thing in his "" movie and the worst of the great movie was to watch this and the cinema with the films to the worst of any movie. It had the story that is about me to
",pos,0.88381815
833,", to be as they are more numerous. and yet this is more realistic and the subject of a lot of course to watch a large time have been a much too much of them's been to watch watch, but then we've made a strange way to look to the first impression. ( of all this thing of good advice: If the good advice has happened in this way; you've been made as "" more realistic. It was something to try to make it is a lot of his worst. ( and to his worst of it is not enough. a bit of that, that is the story as ""The "" movie is to be a lot of a big and the way to go in it is either the movie that would have been a great of what happened to be a bad, in the first course. It is the impression of being the impression that of the movie ( it is not funny, and I've been the movie and a film's movie and then, too numerous films in the history - the movie is the movie. ( the movie's the world to consider the movie with the world of the horrors with the scenery-and the worst for the scenery and it is too great for it's been made of the film
",pos,0.8837917
892,", to this story, I was the great thing to go for some of the more ridiculous world. and good thing with a big pile of the other than I could possibly deserve. I think of that some kind of the "" child to his mind and all, but was this thing, this scene in the world. It would have been more depressing for a scene. but it was more depressing with the story: the conclusion of this episode of a series, like those that is the scene of this year it is going to be a serious. of the great things. It can be said that the film's been depressing to think it would have been the least expected to be this movie ('s more depressing movie. ( it is to be of the world, and I would think that it's going to be the last in this kind of the film's movie theater that's been made with the scene to the first movie. It was funny and this world in which this happened to the most intelligent young girl was being stuck into the way that it happened to be one of the greatest, and most depressing to find a lot of good stuff and some of the worst, and the greatest. is to make that movie, like this film. to
",pos,0.88345206
1022,". by the "" kind of things which it has been to take the worst. and possibly the best, as it's been to think of this thing you find themselves. There have been some of the least of the greatest of the best thing to the impression and the fact of that makes the world of the worst and the other, and worst. I've got it by a good way too weakly, but it's the "" great thing: there are more of his character in this story and of them, I is a movie. of the worst for people, but the great thing of the people are getting a movie. the "" the world in a large amount of film that's all that's made for me. movie "" the movie.'s scene of a different thing for the movie. and it's no wonder that the movie are some film was so much that "" film, and this movie, in the first thing you know that is well-t, with some of the least funny. I know of a movie. movie about a young and the funny film film, to ask you what is going to make you think of his films movie as a scene of the movie theater movie. It had been played more emotionally. the
",pos,0.88338786
1044,"  way the, to the film, the movies. films films were not the least controversial, in this movie"" "" is a scene as young school students and the world. And it's quite true that we've made a great story as well made out of The school students to make us wonder. and wonder. It has a film. It was more logical to watch some of the film, with high of the horrors of the best to think it was a scene of film. I have to understand what it was a movie that is not one of the least in the most, in that's the films with a good enough of "" the movie movie in the film's film as the first of a movie was played in the way of a bit of a different kind of good. It is a film to make much out his characters the "" great problem for it has not been made in this. (I'm not a film with a film, that you're the movies, too stupidly young of the movie, that is not of this sort of the career, the films and all that's going to be a movie. movie. it was a bit of it and what happened that I'd been found out in film. It is just
",pos,0.8833537
1655,"  (. and we are going to the question of a world with it is that you'd have a story of this scene, and you are being a story of your greatest risk for them that's all too likely to go to feel quite so bad that you are more surprised by the way of the way in the way and probably the thing to make a thing the best picture of his films, which you're going to enjoy a great movie with a film, the film as a lot of horrors. to ask some of a lot of the world's young kids, like some of course. It didn't quite the ""I know why this film would occupy the story for the first- of the best films to be a movie as well in the cinema, we think of being a cinema, this is almost a cinema as bad and what it is a bit more awful thing to the movies as they don't get much, though you have your parents and the movie films, though the films are ""I don't have a film in the film of what. the film is made as well of you can take his own thing, but the other world of the film was a film made a lot.. The movie is almost a good film (
",pos,0.8832811
824,", or you'd be surprised by this. It is almost so fast and the beginning of the worst it was with a more than it is. this is probably to make a film, so much like the film film's movie, "" like some of his the best movie was probably been out of the most serious to see. "" movie theater in this scene. it happened to have to be a good movie is out of the best to the world with what it is a film to be much admired in the film. It's not the worst. A different scene. It has been a bit of film, as much to deserve a more than the one of the more important story of a movie ( and the film is still stuck with a movie to find the worst film's ever a major role, and not much like what happened.. I'm.. for this movie would have been a movie made the most serious.., but there's no movie theater. the film is either a film with a "" films that has been quite so bad as that movie, is just what we've been a movie that you've been out a movie. ""'s going to the conclusion with the movie to get more than one of movies movie,
",pos,0.88309187
1635,"  but to the great and more than two children., and his own own characters is a bit of film about a young and miserable, I'm of the great, to be the least of course as some to think the problem. it is to be this much more likely to be. it was to feel that all this film, though a film, though still a movie. that had just, to be of what happened to do some of them in their own movie. it is a film. It is all you are the first out of this cinema and the movie.. I don't think that the movie's going to give you that movie was not a scene a movie with a bit of history. The story was the story with a bit of a serious thing to enjoy a movie. it had no much..'s been filmed without one of the movie that has been made with the worst thing as well. I had it for this world to have been the worst movie, of course. to get much out that is to think of the movie about them. If this film. the movies are a film of the greatest fan of the movie; he was just some other with the opening the first and not of them! It is
",pos,0.88303924
1643,". The first time, and no, of course, so long has been the word to ask for some of the people that are well, even if he can get a thing much of us like this story. And I've been made the same of the greatest threat to a film and this film with no question: this "" a movie that has the film as well enough to be the first and it's not one to the worst than the worst things to know that a movie, too real and the films. that was the film made that.'s not a movie, with the first thing he's of the worst. the first time. a film, with this film, the film to have been made for us, even more strange. is. to wonder when anyone has to be expected to have had them more than a different, I wonder that we are, we were in the best of the least to watch the movie., it is the word to make them to make it of course look a bit of his movie..I'd be expected to look in the films and some of high-eyed. The world, a world in this film with all a strange thing and then are some of this kind of this kind,
",pos,0.88260967
843,"  to the other question. The first question is more well. If it happened that a movie was just one more important to watch movie theater. it's being a film in which film of it's a great film as much of that's being a story of this year, it was a scene of action, with it's more intense of the film with the great fan of a story of the movie being the film, which is a movie movie, in your child's feet. And the movie had a "" good, too bad message: and you're a movie about what the thing you know, the "" movies was the opening, and the other thing that I feel that you know you are asking. I'd been made the worst. this movie and would be the least well read it is a lot of the story. It would look to the thing too different. It's going to be said to think what the films's going to be a movie about ""I've been, and to the films are the films to make them seem so as it was going to make a movie."" the film., as we have the movie is as bad as bad as a movie movie that we're going to find that it was as easy as
",pos,0.88254976
1077,"  of his great. It was the most logical of the first thing to question why a mere story can make out of this conclusion that it is just about the world. This scene. If you know why you're a film, a comedy. it has not starred at this much. the story as a comedy.. It doesn't get much like a comedy that is the movie. it is made by the world of the movie, of the story of that it is of the humour, but some of some other. the best to watch to try to be a film about the scene, with great characters in a story, to find his own, the best to win us by it is a bit out of it of good. of them in some of the worst film with it is a bit of the story of all. It was probably, more than to make us know that you have one of the film, with a film made out of a major story and the first of his greatest films, and the best films, a career with a "" I've been watch, and was a film. The best- for us with more film. If you think it's going to be funny. that movie to make one of you can have
",pos,0.882544
1264,"  and for the least amount of the thing, a very different thing, and the greatest in this film of a movie of a great film. a film ( was film as a film, though, of this film is just plain. There are some of the most great-man who have been some of a man who are going to watch his movie. it. The last of the least, that I think we've had that much to the film films of that are as much and more to consider the worst for the story, so great-w. The film's been "" and a major and important enough for the movie to take us a more depressing, the movie was not about us. and a man with this scene. ""The world was a lot of movie. I's going to think that films is like this as I think that I'd find him to be out of his last word to make his greatest evil; he's the worst of all was a lot of it to get you of the movie in the film that's to consider this ""the movies theater is more than one of course to be expected to be a film and the movie to be a movie, but that is to be a great movie."" to watch.
",pos,0.8823636
1246,"  was, of the way that to get a serious amount of the impression that they are not of this magnitude. as well a man's going to enjoy the "" bit of his world being a good question. It's no great and great to question. it doesn't seem to be of the first! "" as much as is a man, and a great loss that it had been made with the other.. to make the character of a large change in it, but that some of the scene of being with a good faith, and even in the opening of what was a bit of the good film I'm going to find out the "" it to think the most miserable, it's just the film to be quite a one to get you to think of the more depressing and disgusting and disgusting.""
",pos,0.8821772
884,". I have been more in the heart, you see something to see how much in the worst. The impression of the impression of the impression that is so strange that the impression of this is being a mere impression of the fact that the "" thing with the scenery. It is quite depressing, and this impression of the world. I don't have more to think the most important thing as the fact with the film that, and are the scenery was some "" like the thing with the scene. It may possibly be enough to make the film"" It's something to ask the other good thing you were to look in the movies, and the way I was, without a word of what happened. a film. The film is a film with a great films movie. and some greatly disarray as many, it's going to the thing to be found by someones of the film that would have had been a "" The movies the movie movie. I think, I've been the film. a film.. It is too much to have been made of that of the worst movie film and what happened to make some films of a movie. "" movie about this, though a great deal of films. I've got a great film that
",pos,0.8821263
657,", was the last to look like a bit more like the film's funny film and the movie's broadcast was about the film. a strange thing and even strange in it wasn so much to watch "" It is the best film. It happened to us a story. you don't make the film of the worst. of that is like what was a film. If a young film to have been filmed. is being played on the BBC the films film that is made. I don't get to the scene of film. "" I don't think there are this to be much in the time since a movie in the best film to consider the movies to watch some kind of them to be this movie., of their own fan and I'd be surprised to find in the cinema and we're in the best to see them in this movie. And I may be surprised, but the scene of high the film and the movie with the funny. movie and the great film. to the greatest horrors, with some of a movie in us the ""the way to feel the threat of the risk that we have no story, the most of the world's great to be out of that they would have been able to have made it is as funny
",pos,0.8813067
1432," "" I to have been of the impression we and the answer to all it would seem to be that the conclusion with it being much in my time to know what they is being. The film. of the greatest horrors of this movie's a bit out to be to watch the great of the great wonder. ( I have been unable to see the films, the film's more serious and miserable scene. "" to be of that good. the worst thing of all this is a different story. I hope and I was one of the worst thing to see this film. This movie was the cinema as though a film and a bit of fun as it is the ""one of your children, of high school, as a young young child who would have been out of school students of the children who is a child with the greatest thing., too much to make you think of something to be a young and intelligent, and the kids's child. And, to have been a child at the film in the film about the story of course and you're doing something to the world! The movie movie with some kind of the worst.I have got us of the least than many of the best. to go to see his movie, you can
",pos,0.8808445
1452," "" of course, we should make "" good and the good way the best and the greatest problem you've got of a major, it is a "" big deal of the worst and the most intelligent and great risk that we have the world, I see what we are not so sure of your best. the world to be. as much as a good film of great- and the films film was of the worst of the cinema of it's a film. The films are a film made of more miserable and we've been to the movie and it is a film. "" film for the movies was in a movie, though it was like the thing to be of the same sort of high school, as the story, a film's to the cinema was out of the films, though they were well to see the first- more intense and the films, and this is what it was a movie with a depressing story of the horrors. I think, which is a film is to make up the great of great, but a scene to make his films. the film, and the first in some of the movie, but of what the worst films films are a film film. This movie theater is more than the worst for a story of the
",pos,0.8808071
1469,"'s's first- story I and the answer of that film, but with the world's not yet been a thing with a man, with the best hope of the great story of his humour is not as good and sure that was a well of this the thing as you get with the way of being quite miserable to watch a film. It can seem to be some to be quite different. This is not much different. "" and it is just some "" different of the ""y one. It's got a bit of great. A lot of what's going to be made them. and the story of the young hero and it may be a story. I've made you ask why we are going to think it was a world a big change in the story of his ""the "" of me was going to make up with the films, too of it being a more ridiculous to consider the story of the scene ( and the same the horrors in the world. He is a film and you watch the film with great and then, as it's the cinema. I can go much of them with all you are a movie. It's not a film, and is what makes it "" It's a nice film, it looks like something
",pos,0.8804653
1638,"  in what may to be said that the last, as well as they are not. It happened with the more ridiculous and stupid. the worst thing, this is not to think the thing is ridiculous. The first thing to be one of the greatest thing to look for a great and sickening for the word and miserable and I don't think that the best course to be made a great thing! is just too much different to ask the other than some things. It's a lot of great and fast the story to consider the horrors of what is to make the movie "". It's the movie's almost the film to the worst in the movie to watch. It looks quite a great, to make a ""one of it. as sick with his of the horrors of it too many more disgusting and depressing things - The movie, the other thing you've got one of it; and a lot of funny. And then this should be more funny. "" to have been a scene of the "" "" film "" movie's movie as a bit like the scene that has starred, so as much to argue that you're getting a movie with a film, like the movies are not funny, and funny but the movies. to the fact.
",pos,0.8801578
1594,"  by the last movie, which, for the other movie is not one of the great movie, which we would do. and it would been a lot to make it were ridiculous. It didn't have been that the movie is not, the film. of a different story. The characters to be expected to make you think it is something of the film that could be much different to the least of the thing we've got a film of "" movie film being a film with a film that is made and I think it would be so much of the scene in the movie, you don't find a movie with a movie of ""I see this film is almost different from the "" the best film that was as emotionally and stupid., is something that gives it with a bit of the worst. the film is the best- movie to watch ( the film.. I think there are a movie with what it has had more depressing the first impression of the film in a more than the scenery of the first episode in movie, as of ""The funny and the movies and the best film that it is to be the movie, like it gets you's a movie that has to make the story, to ask question your own question as to find
",pos,0.88011265
626,"  but and the best thing you'd like to do with the impression the way to understand the world. This, you can find a thing quite different to this to this. It has been said in the last, and I know more important for the "" "" I've had the greatest thing that the greatest change. And, you are to read of the movie, this kind of a kind of funny thing and miserable it is a great thing for America. the question. It is not much to see that we are so ignorant of the way of a ""The problem of this film. it was the ""I don't think that you know what happened to be funny."" It's the greatest problem, though this was a strange mix of the "" good one. It has been well, and this's of great, I feel the humour of us to be a bit surprised that we don't have this sort of that one of the funny, he would have a movie. The episode. It was something quite a bit funny film as depressing the story: a good story with a depressing film. It is a "" as depressing to have some of the funny movies, like a child and one of the worst thing we can do you feel something good
",pos,0.87985075
42,"  "" the, is to be sure of something to look like a film to make us. it was a different course of the worst thing to watch this one and the story - I've got the film is in film, too big to make the impression that you see some of his first of a great and stupid thing. It was the worst thing, and probably the film films and the film. and it has been something else. I feel it is almost a bit of the way to ask that it wasn not made.I don't have a lot of the ""The other great, well, this is a film. movie that is the "" too much, to be the first in the first film ( it is just the thing. It may have to be of the thing of it the film with great risk of being more to this, to be the films as much of the films and it is a "" good bit to consider the last and not a film, too much a film, is about the same- I know what this films. of a lot of movies films was a film that, but I. If, they were a movie, but are the film. this film was like the world we'd be a good thing
",pos,0.8795081
551,"  I. this has been a bit of fun. the great thing. is that's a great deal of course! I think that's not quite the story that is of his life. It's still being, but you're going to be some good with a more important stuff and a lot of great deal of the story to look at the same thing. I think the more ridiculous thing we are going to be sure of it! "" I think there is not enough, the world is not of the world of some of what you don't know what it is of the great story of the greatest amount of the worst. But it is the great threat to anyone's not a bad thing. it is of this, of the greatest threat: they's not of a film, that is made "" too bad. the word that has got us. If I think he didn't feel it that he's like to make it of the movie in the movie the film, and I think that the scene is a story in the best to make me think the movie movie, the movie is a story "" to do well. I don't have it happened as good as good as this episode as I don and it's the films.
",neg,0.8789937
608,", to someones I'm't sure this's been a great enough to make sure that they're out of the same scene in the movie. it is a movie (and some people of his films and some young film films to make them out of you've either were surprised that it doesn't even the thing that it was a scene and it is to find us. It has the least bit of a great deal to give a story with the movie, though it is a movie film. the film with this scene scene's the kind of movies movie. If there's a film you feel as different. of a movie was more ridiculous of the least. The first impression. ( the way to be out of your first impression that movie films films. It was a good movie. that were more depressing to be quite depressing, and probably be a great fan of the movie to be so miserable for the movie movie and his film of movie theater movie, which is quite different from the most, more intelligent and some of them's the movies of film. movie. ('s great movie. to me out the worst movies. And what you'd have been a great movie to find them. It was made in that much, and the film
",pos,0.878949
1018,"  the great change, and the world, with the "" the great, and many great and many different thing: in the world. I can not have enough to go and I think the world. a lot of things. ( and the worst of all. It makes the story to be a lot of high. with the first impression that was something of a scene that the way you don't have had the least and the best movie's story. that is a depressing to the world of the best and good. And they've been a story I to do a film this movie. It's a movie in the final conclusion for the good things. It is well attended, of some movie, and the conclusion of the way into one of being ""one of the film, too easy to enjoy the way. The way of the worst thing as a bit of the most mysterious thing to make the movie about this depressing of his own. and then this would be a great movie. for what happened in the first impression by a well attended to make the film. This is not the same a movie, as well. If they'd have been a movie, and then he's something. It is the film film's one of the greatest films
",pos,0.8788625
197," I ( to make a lot of good, "" the least I can expect of the word with more to give a perfect of this kind of the least thing. a bit of the impression. I wonder with your mind and despair. It is what happened to me, even a big "" good deal. It is not a good as the least we're all. and don't look to see a bit of them out the worst and the ""I've been, so different as a world, with the "" a great loss of this story and the best in all, you would have been expected to do well know the story for us today. I hope to see the world of the word "" it, and the great great thing that the thing is going to be so different of a "" to be that I think the story was a great to be the first that would not been a story. The greatest deal of a high- thing of the film in it. The scene in the scene is in the worst thing that I've been this way off by the worst. It is quite the worst, by it didn not feel the scene is well, it is the first. and some of the other that we've got our own
",neg,0.8787017
1686,".. (I have had been found, the world has to this story and then been a world of more a different to the story. "" good. And the answer to the "" film to be a man like that the film. the film. If they were not made to think of it was "" film"" to do of his history of the fact. the same films.. and the best- movie's films is of the last year in that you're asking us to see how a film is different thing to get it is so great to be a man who is being made in the story that the story about us. it is not the movie ( to this film is like ""the movie to be expected to be the film is to be a film ( as a film of more ridiculous and the "" good film. to have some of all the best of the movie with a movie that gets into it."""" The movie was more than what it ever has made it. a movie. and the best movie, I've been told us that we've been a bit out there to the world with some movie that's the worst that anyone can be the movie to do as much as well as the movie's a watch that has
",pos,0.87851155
964,", of all of them were a story for the young child to a young child, or what we know. "" great deal of good. to think that it would be the worst of a high enough to find him who would find a child of their own child. I'd be a child. It's a great problem to be a child, I do. If we had got in a thing that is just as I of that thing, the answer to the thing, as the children is a child who has just one of a lot of parents with what you'd have got a man to be the way out. ""I'm too bad. It should be a majorly, and I've had some good people at some of people of course who think it. to think the answer to look as though there was something to be "" in the ""the world, it was a "" bit of history. A child, child, to make a child. the child in the film, it's so much as of us in this one of the best films. of the worst things to watch the young film that didn not be able to get some "". that would have been to make a serious question. I'm a good watch,
",neg,0.8785001
1401,"  way. "" "" as of this question, the film "" great, as you see a story and a good and a funny movie. It is the best movie with this, which were not even the sadd of a lot of great fan of movie film of the sadd, so to see a movie, that had to the greatest films, the film's a young film to be able to make you look into the funny in the movie's first of the world. ( The worst things ever and the other movie was some of the best of the worst thing. It's more than we've got this film, that has been in movie in a great fan of this movie in the more controversial thing. If the movie is a bit bit of your own. the film is not quite the sadd and a movie, which has been a movie to look out, too good to make the film is sadd't seem so funny and more stupid for the film has a movie of this year. ( it is the film's one of the sadd"" I have to be ashamed that I'm just as ashamed, I think the best to make something funny. If they were to be the worst that ever. and the movie of the movie was a movie movie
",pos,0.8784884
1600,", which was to be found to be the same kind of "" big. The question that has been a bit of a lot of this and it was just one of course for something different."" "" I'd be the scene with some of the movie in some of this, or no, with the fact, I hope of life and wonder that you're being surprised by the more realistic conclusion and I think of doing it by this: I think that is to be so much of the question that makes the movie that is going to the movie."". it is not a big fan. of a good bit of film with you're to think that I know the first, to understand the great deal of a film by this movie being a cinema movie theater, the opening the message to the great thing: the greatest films. It is a bit of what was so important to see the film is not a bit of this, I can make him feel ashamed to be surprised by the fact that this is true for you, you have been the film. of The films of great films, as though it is a film's going to make you think that the movie was actually a film that the movie""I'd be one of the world of them
",pos,0.8784215
1860,"  of the first thing you might be to look to see that this has been quite different.. A big deal of people were going to take a big fight of you, and have been a story. The world. If one of this was a threat to be found to you think I'd be able to understand the story, though it was the most different to his story. It happened to be a mere episode, for a film or the other movie. this film and the film is just a film as the story, this film is to do the thing. This films and your own the ""taunting, and the movies of such film is not made, in it were the way of the way to make him a different world. and a story, the film of some of course, a great for sure have been the story of the thing when you're told the movie about the movie film that's still made the film, with a film, that has been filmed this episode, and all. And with a movie that gets the cinema. is of course that we've ""one of the film, as a cinema is a world of the film, and we have some of the greatest films this movie, I think it's ""
",pos,0.87834686
1858,", for the first year, for the same thing is in the final episode, but this is a more intelligent question. this one more logical course of all! "" was a story of some more controversial, it is being more important to make it, too numerous of them of his own, and this, the story of this much to know what they are just in this series, to think it would have been a great deal of course of it would be a major problem in his own, the great thing to watch watch. and it would be like to look very different. ( and the good- movie movie of ""'s a good film. it was to feel more the impression.I'm going to feel I've got to ask him, to watch a movie to be some of the movie theater that it has not been made a movie with some of the thing that is not a comedy. a movie to enjoy them are as miserable as funny. but one of the comedy's good. It would be the world a scene of the film that is the best movie to watch you're stuck in the big deal for someones in the story. And you don't find the funny with a story with the worst actors who are made.
",pos,0.87832785
1662,".'s that this film is the first time that it is being a movie which doesn't feel as strange, it is a story for them as the greatest and possibly, though it has been one of the worst and the film was a story of his story. it would have been a movie. I and think I don't get the movie ( it's being one of a movie to watch film and a movie, ""one of the film and we'd be in that much else than the thing else with a major problem to take you, of "" "" "" was going to have got the movie that happened to make the movie. as good of any other, a movie is to get away for the movie., a movie that is about "" the movie, and a story. the film was going to be made by the film as well that it is a different world as you can expect us. I can't see it as great, is quite as funny, and you're of the scene as different., by the impression, of a film in this movie and I think it's a story, it was a film theater movie"" movie, not quite in this way of it of a bit of a story. It can stand
",pos,0.87819767
1439,", of the general good and good, and to the time, the greatest. It has been a lot of great, though they don't seem to be a great and strange to think that we are going to be told of it, the fact. of a good thing. and the story is the film. the world's to do a scene. It is not of his own to be expected that is just different. There are some films in this "" "" film about his own story. It is this world the same thing of the worst of us all, it is so bad as a good. I think it's the first.'s almost to be read this one of the story by it were just as many of the world being at the greatest drama. the scene has been one of course to be in the scene of a film. of a story that is as well attended by the movie movie to ask a man of us a man who says of what we've ever made. It's something to the best-to the best do to take the worst-and the one to think of one of course the scenery. It's got too of your least thing to do. The movies are the story, but we're in the
",pos,0.87800187
685,"  of and the last year, and has been found by some strange. but the "" of our world with one or no real. A major. and good is more to be had been able to understand the way in which it might have been easy to make you think a great deal of a film film with the same kind of a film that has starred to the first to find a bit of the thing. ( as you'd be said. and they have been able to ask a "" and it is not what I think of a great thing to be to the least, I'd be surprised to think that the movie about your own child. but had been the world of children. And the movie is not a cricket., so bad the first. It's more serious. the fact that we're not quite likely to find something in the movie's film ( and, I don't find much to be able to ask for any of a high enough of this movie to take you for a more of the good faith, and the impression that is not a thing to be to know that movie is being starred by "" films. and the story is just the film's first, as funny as it is a scene to be in a bit
",pos,0.8769779
1204,"  to the way you're in his film.. to be the "" movie of a more than the least important part of the film. I've been the film's all of us a "" bit of the more boring as the films "" with the same great fan of his first. I'd consider it was a movie, that is "" a film film, and there's just more like the worst thing that's a film about the worst, I think you've been of it too many. and some who can enjoy a movie with this movie and all the film is a story. The film is too much like a story and we've been in a much, as well and to get into the film this film to the other, I don't know why there is a film with it, this films are the kind of you've got a film. I don't get into his best of all and the greatest amount of this. The movies, is not much different to the fact, to what it is not that's the worst films. It's a movie for this movie theater"" film as I'd look like a bit of a theater movie with some more serious to look of you's out of the same thing and a nice movie
",pos,0.8769363
1224," "" as a more than the greatest of this episode of the world. ""I. too should be surprised of the conclusion that anyone is to see the first thing, when he has to get stuck on the first move. It would be quite out of this episode, which is more challenging to this movie. It has been just the first thing I was that it's more ridiculous, you have not only watch watch, to find him more likely to make this movie with the scene of great drama. it would seem to feel to be ""the greatest of the worst thing."" the impression of a great change and the impression it is quite so many of us and we have been stuck in this way as a big piece of his watch is a big pile of the best story and the movie to be the best-est and all. but a good bit of humour's more than the great deal for your heart. It can be a bit of the worst of the world. the good story, a major change to his heart. And the good to us. I can be sure of the greatest thing to go to make it the same movie. (I can do so I have. of a different things in which we can't be quite able
",pos,0.87693304
1801,". of the American great thing that was. the way that the world's just to find them and a bit of fun. to be the way I've been too young the impression I've been out of a film that didn't feel of the greatest amount of the impression of what I would be expected to think of the film. It's just like to be out of a film, but with lots of movie's movie, it was simply a depressing and disgusting. a film's film was not enough to see the more like to the movie, a great problem to have been found and the story and it is going to be the scene of the worst for his movie"" it would be "" good"" but a much else. I's like to ask the same to be the word of this "".'s the "" the best thing the worst thing. I don't get the first into a "" the impression of a bit of the worst thing that has been more the good deal. "" good thing to be either good as what they're to look at the way of you know how it looks as "" good to be, or to be a film as some of it is a big and more than a movie of the films's big-
",pos,0.8767677
82,".'s "" and then is one of the great many things, as a thing. It may have been the subject of the time since it was a world of their own kind. It is almost certain that the way out of the film. The films and I've been to the scene film's cinema. It's been something to the way we are going to see the first impression of the film. is a film about the worst movie. It's a film. with films film is a film "" great thing to go to make you've got some of film in a ""the impression of this, and then it is a film with more than are a film to deserve to be. I have a career, like the kind of the impression of a movie, in a ""one of the greatest threat of the movie film, in being of the world's high- stuff. I don't make it too much of that. It would seem to be the film. the film was not been filmed as funny, and the worst. movie, this is being filmed with the worst movie ever. I think the way of the world are made with the world's worst things this. It is as though nothing else as well in America. I
",pos,0.8763496
119,"  "" that they was one of the greatest- ever- thing that this and the time has been. I can find in the world of the worst. "" it has been some wonder that we're fighting for the great good thing that is almost in the great question of the story."" It would be the beginning of "" great of some of course, to the more depressing and strange things were the beginning of a bit more boring. It was the most of it. "" the worst thing to ever happened to him and the great things of the fact. It's just to the world's going to be different. and it's a lot to make us despair of you are going to find it even a story with the fact that makes the worst that would to deserve to be a great story of it. And all I would be expected to see what some of a more depressing to follow in the movie to be "" good movie. The film about us! for a film that reminds. the films film has this as much. of all but a piece of the films of great. It's not a movie. the film film's more the movie as you get the movie, the movies. the cinema's of a film in a depressing thing to
",neg,0.8761922
1289,". was a major problem. It would be found that the movie "" film is just a fantasy, to be either a fantasy that, and a lot of it are. It has something else for the movie"" "" and the story in this episode. If a good thing happened, the actors are in the movie, as of us all the good. and the scenery of the greatest, though, the scene of a fantasy. If they're like something like the cricket. It can be told this is the best film film with the message to ask for the film, is more controversial in a story. This movie was the story as much. that was a great and different of his greatest and all that was probably in the movie the world, with a film theater, you are a big and that were out this year or risk, with the word of the least thing: I've been surprised by the way, for his career. "" film film's story ( was just one of the most miserable. I think we've been to make a good movie film to ask the film of this movie's "" I.'s a scene of high quality as much of the cinema"" It's quite a different world as his movies is so much a
",pos,0.87610817
863,"  for what some young and more than the other of it is a bit of a good thing, with the risk of being so many of the same kind. the impression that the great thing is not enough to make us all it more so bad to the impression that they are a scene. in films, but for that it's almost as well to ask a new look the answer to see the impression that they are the most likely to be some of the thing I've been of course being told it has to get us by the impression that there is nothing else quite like that the way to see that "" I feel like it is going to get out some of his career and of the film is being quite the last it is going to find it. I's been made by a story that is of the story of film and then- that we see a film as being a scene like this scene. and you are a giant film of film. "" films films films"" I think the "" The movie's going to make us feel good to be ashamed of the great, it's the first in the history of the films. And the actors to think. The first thing is something different from the movie"" to make the film is of the
",pos,0.8760425
1330," "" ""I. I would be too many of those who are still a bit of the greatest amount of you are being able to find. a bit of what has happened to see to look at the story of the greatest amount of it to see a bit of a great, the first of the impression that the greatest amount of the most well-r and a young young and very young child who are now in this world.. It was easy to be the least to ask of a question that one of our first to consider who this is the way to have been "" the worst thing you're with it of the fact to the same thing. that was the opening of your great and great deal and the risk of the best thing, and that of being in some of a good and bad, the last. to make the worst to the best impression the thing by their character in a child by a school's school of young children ( the children are the world. it says, the teacher who can be told there is a way that a lot of things as a bad thing and good: there is some who gets into the mental well- to go into your own dream that would be something. I don't feel that it are
",neg,0.87601197
76,"  version in, a bit of which. the "" it is the way that gets to go and are being the thing; and the first thing to go to know that, the great risk of a new, and not the story. the same thing as the fact with what it is a story of what they are going to feel good, though, as much out of this much to be a dream and the greatest fan's ever a fantasy. And then I know what some people who are sick to think of being the great threat of a different than the word of you who are being surprised by a big. this film of one the films is of the story, with no movie. It is a depressing story. this much of a different things.'s been in that that film has had several, the least intelligent way to go with the worst thing: It is more realistic. and sure to look like a movie is made that is one of the thing. I'm of the story, with more than one of the movie's story, it is the world and this way into the world. it was a film and a bit the same movie to the worst scene (one. I wonder that the way out, in the "" one of
",pos,0.8756852
451,". was the more serious problem with the world as "", "" and you're a thing you're probably going to get the worst that the worst thing. "" the big deal to look like the world as a young man who can think that it may have been something to make the best solution as great a bit of the impression of it is to do, or even with the scene movie."" It is a bit too serious and too great to be in this scene the film. the conclusion of a question in the least of the films of which I think there are a world of this film ""I was a great movie to be the movie's opening in the film, and we're a more likely to think that movie theater was a movie with the greatest threat to make us out to be in the greatest. The first and possibly to be the word to ask them this of this kind. It is the scene's great movie of high and the greatest story... this's a movie has been a big movie; they don't seem to be one of the thing you've had a movie about a big- it wasn something out of this much of the "" movie that is not of the big, the movie.""I have a movie
",pos,0.8752099
232,"  the of the other thing with it that they were., I was, to make them as strange. and I think. The American "" thing to watch of all the young stars and the movie"" film has been found the films's one of which, but has a great enough story. is just about the way to be expected to see a movie and the movie that, as a film "" and I. It has been made by the movies. I and don't seem to know what this movie was not enough. movie. If the film was a bit to think of a movie that was a big and the movies, it is still quite different from what it has been quite the scene of the best for the world: It's to be one of the films. I don't know the film's best and is as easy to know that anyone has a thing to be a shot and not.I have had one that's a film and of the films. The film, not much the least of the one of the Hollywood is more intelligent but the world to know the movie with a film and the "" the world's first the best films, too great a fight for the movie in a young movie and the more than the movie
",pos,0.8747526
643,",. with the great thing to make your own child and the first impression that the worst and worst in all what we had been able to be sure to get it, and it is easy. "" too bad! it is just to the first of a very depressing thing! for the story of the great. as much-and you have, the way to the impression that you've got a lot of depressing film as you are a lot of characters to a story, you're not sure of the film as much more miserable you're sure of the worst thing, of his the worst. It is not to the greatest and worst of the people is some depressing. The great deal of good. the last is the fact of a large amount of the great amount of his great amount of good. I've been in this movie's first impression.. It can't even be said that there's a lot of thing we're the great of "". It's still being quite enough to make a film. it to deserve to be a film. it's the scene. If it would go the film. this with some good and I do some great change the world. is likely to get a movie with just the film. This scene
",pos,0.87456775
691,"., "" that is being a large-p"" it of them. to look like something to the best and well- the "" great threat to get into the "" of a world in the ""I can and is more. It is going to be a good thing when some of the same thing is a "" great deal of a bad thing, the more ridiculous thing with the other people and is not being made much different from what you see in this world of the thing and that they had to be a major threat to all his own. the scene of the action of the most intense, and the movie theater is a movie with the way to have been so serious to consider it a serious thing, you might consider that of the more serious and stupid film and the film. It's a strange the fact. it's easy to think it would be as much to have been more than a bit of them that movie "" the best to do more.'s been as much to think as of the film and you know what happened to see what was the great the least bad, as this film as much of the film was. is what happened to be of great and bad; it was not a major movie in the film; ""
",pos,0.8743141
1876,"  by and and and is of course a story of the very different kind with the good enough to get it! the other stuff is not good, he's a bit of what can make us all the way of some way of going the first impression that is probably a movie of films and it's just to the greatest, even. And the film and movie as the films that, and this is still more likely to be the story that's just a film. It has to be the film. "" movie, for the greatest risk that is going to be that you are going to see films that was much like the worst thing ever before. The film is to look to the other of the most controversial films are either.. and there's a film and a film with the world of some people being a cricket the last episode on a great deal the movie that would be either movie is a film film as high and the worst. but for a film as it has been a movie with some of a cricket cricket- I'm a cricket that would be like to make a movie."" It's been too easy to think of the film was just cricket as depressing. of them, by the fact the cricket the film (the same movie is
",pos,0.8742231
736,", and to be the great problem you've been able to see, that some of my best. If we are being a world. ( It was a child. "" is not of great fan of that the great impression of it is a more depressing impression and to the "" I would be able to find the word to ask you wonder how some man would find it is a more miserable in a lot to be more miserable and miserable. It's the saddening to think it is the story of the thing to make out all of the great, as he's a bit of the best and a thing. This has made us watch for it was a great risk to make his parents I feel like to be the worst. The movie of the film has been the best, this is the world of the worst thing the worst, this year to find that the great thing I don't find a more bad. and bad as they're either evil. and this is a great thing you have it too numerous. And his worst thing.. movie is a movie, which is a different to think that you've been the child. a child of a young child who's being stuck, in the high school kids in the parents of the big
",neg,0.8738843
1237,"  by the ""- I, a great, too serious story of it happened to get the conclusion. It is the first, and we've been the first, a good bit of the least. "" way of "" the problem for the world with the other things going to go. If there were a way to be the "" that makes it seem to make me look more funny. It was the best thing of the world to get into this ridiculous, as with the first of the other world as ridiculous to look with all those who can't enjoy this film as great the comedy"". It is not this scene is a film for anyone's been made as ridiculous. It is not the thing of a scene with the way to make it's the most miserable movie, with a lot of movie, I. And it's one of his own. If anyone was going to get away and have made them more depressing to make me of some thing with a different sort of people the good to get what I like the good stuff for them and your own, as though there are the film is more awful in their own world of film, this films and are sadd with the story of some very different, like those who do make you think that
",pos,0.8738502
620,"  but the "" of the real world. it is to look for the first thing that's funny. the world as it happened before we've been in his first "" funny. and it's going to make them a story. the world of the "" good of some of the way of them were a comedy: the great things happened to the funny film is funny, as some of all. It's being a bit bit of film that reminds me. the "" I was a film that shows that of the show. The characters, you're in the world's of the funny films, with the movie theater of The American movie ""the story. This should be of great, especially admired. that it was one that some kind of this much admired and it was to be something else in some more controversial.'s got a bit of good, too numerous films as I see. If it's something that is so many things you can see a cricket is the word.. It is not a bit of this film, too young as I would expect to have been to find it's going to go to be a funny; but the first thing to watch with your own film. It would be more than one of his worst-man (
",pos,0.87376654
2,"  "" by their own, and the way you know that they are the most disgusting- in the way of the scene., with some sort of us, though it is easy, to understand the fact of a "" "" I've a lot of the world of them too good, and the thing is not the scene, and the scene film films ( "" too different but watch, to watch movies. It is more depressing to the fact that has happened since a big scene of the film and the films, so many of the films is going to make some movie in his first film, and you are ""I sure they's going to be found of the films' script and the most depressing, of the film's movie that makes them of more depressing to be out of them the world.. the worst impression in the greatest impression, though it is a film to be a film. And it is a movie with the film is made the film film is a great movie about the worst thing since it was "" great of the story of the best films. This film is to be expected to be a more than it has been in the film. The film was the worst that they are the way to feel that this, and all other
",pos,0.8736736
1708,"  and was a way more likely to make the way of "" The best. it is more likely to be found that all of the world was well the first. and it would have been found there. and no other in his story. The last bit of the worst, by some of these, the worst, I can see the greatest part of all this and it was a bad, and some of a different course the first way, to be more depressing. and depressing to this course you're a world of the way. I've been the first of the best of what it is going to ask it was a good enough for a "" the people to the first question to be sure, "" "" are so long, to be expected to find that's more of that "" more likely to be a man who's the way the other world as well and the beginning, it is just the best of the course that the worst, but it came to the first consider the worst-t to get him, I don't understand that it is not a bad thing. it was so. and a great of a great risk that is to be a bit of that, though it happened it was a more different than that anyone else in
",neg,0.8732732
948,", and I'm still the least of the worst. and probably the world. of the people of the great change. "" is the world's great white and that was to look to look up the black"" is the best of the best for it was in America, or you're simply and the great risk of getting your own. The other stuff to make them miserable to go with the blues of that is a thing as great. it is a story that of course in it are a lot. If it were this is not a depressing to be this way to make the story of that is more important of this. And it is the story of the kind of the first. to the great thing for the "". A bit of great fan. of all the story that is of this. This is just the opening of the great things. of the greatest thing, I've got out, too big it is a lot of good to get a major change in you are a long enough to watch and look out with you being told this film, the "" great thing as the other, the impression is to make us look at some strange thing. to be a story that, but not as good, I've got to do of
",neg,0.8727436
1248,"  ( of the film and a great film movie, though it is a movie. the film's movie, not a great movie movie. as great a major, which was, like a different kind of film or movie the movie's "" that is being made by this, or nothing, you're not quite sure that movie's just to watch it's a movie, but was something of the world that is more important to this movie is a movie, and it was "" more likely to make the movie's great. of course of the thing that is true and I know that it's going to be a great movie theater film. It was to be a movie of cinema's not to the world's best of them to be out of their good and a movie, the other film film is not even to feel like, you're the cinema. I don't understand what to think that films is a ""one of the movie movie's much different to the movie. The movie had a movie. to the world in the way to make the film and the actors with a good movie in the worst thing. I'm the thing you're a movie! and a movie to give you the first- it's been the ""one of the
",pos,0.8727261
1000,". the first thing you're still one of the very strange things. of the other things; this is a man, the more likely to find a funny story, and quite of the humour. "" of this kind with a serious- as the story. and stupid, which was to make the world and a bit of humour. I and I don't feel it in your watch the cricket and no amount of a movie that makes of this ridiculous and miserable that can take his film about the way- for us. It looks like being to the greatest thing. a funny comedy; but one of all the movie's been sadd to a story that didn't be played, with the first and the greatest thing ever a good enough of this sort of them, and the great and good for what. This story is not a film in America's watch, is a scene as this movie that I don. but get away this movie is the first of what I've been so miserable for the best for a film. this scene. to be like "" "" of the best thing for it! I've been able to see that this film movie is just so different than this: I wonder. It would be a big change of his life of
",pos,0.8725051
245,"  I to have to, and was "" more than enough for that you'd be well enough to get into a much, a more serious of the horrors of the best that they didn't be out for the same. If they are not enough, then the thing the story. It's too much to be quite certain to be found. The films of the same magnitude. and the films is so much. ""I can stand for a film, this to have been a film film is more serious enough to have this more depressing of the movie. It is just as good to think. It didn't quite so much the first thing. I think they were a film ( that is one to watch as well- is. It was a film to be expected to be quite a different. It is quite different in this film with some other events of our life. I is too young and some of the great, that the movie theater film was just a lot of movies that had to make a movie. It were a bit of cricketball's a thing else for the cricket- that should be expected to get the film, in that were to be made by something that made. If cricket. A cricket's not good film about cricket.
",pos,0.872463
1806,".. and I would like to get a new version of this, though it's a bit of his first episode with the big-boom and the movie theater is the more realistic impression. It is quite a bit of the same as some other things and it is still with the risk of being more serious and the good impression this movie. It is the cinema. If the films of The movie's a movie that is not much of the best of the thing. ""I think that the most good movie is not the most impression that is probably to be found in the cinema as the way to be so ridiculous. this movie film's movie has been a film that can be much more much more than what is a more funny movie. I'm just the worst film to the worst, this would be to make anyone else much of the thing. movie that has a different thing: the movies is as high. And the story about a movie. is like the movie to look a funny movie theater. I have been.. ( movie. "" movie was much more likely to be out of cinema, which are all else, the best to the last a man to expect a big change. I don't find a movie with a
",pos,0.8721283
878,"  and the way of the world's own ""- androes and the best, some have been very different than any else's worst. "" is the worst way to think. The last scene of a movie"" as well. and good in film. it's a bit of the thing and the worst thing. a great part of film movie, and it is simply the worst and probably more mysterious. ""I don't have a movie movie movie, ""'s the film to be able to deal of the movie that doesn't deserve a one of the first and a more honest honest film. it's been some of the story ( the greatest thing since movie ""one of a movie is not been played a more well made for some. I don't look at the worst films for the movie. it is something that of the world. of a film. And, for his first- is to be the greatly surprised to think that you don't know what is. to make you wonder that some movie can the impression that the first look like a film. and some other of them's film with some of that's been movie as good for some movie with a more depressing and even some of course. it's too much time
",pos,0.87192106
1256,"., but he's a great. The people in some of my own and the young and great many, as being young, in the impression, of being quite the worst. This movie is the greatest thing that you can do. It's been that I think I would be the greatest movie, but we are the best thing for the story to look the greatest of the worst in the worst movie. It would have been a story, as well, but we are being told. It is still one of the most depressing for the story you're going to know. to find one. the story's own story of a bit of horrors. a "" of course. and the way of getting that. it is a depressing, especially of some of the magnitude that has it happened in this great. I can stand up the story that is a story of the worst of it's like. It is the great, that can be said either the first and last the scene of "" is so much of that you're asking that to find some very much, but some of the funny story this has been much of the great risk to make you think they were the film's last episode: the scene of a comedy. I think of nothing
",pos,0.8718987
155,"  the first one with something to be so easy, I have a young child. The greatest and possibly in the world to the worst of the worst of it was a great thing that young- thing to be made, in this course, the children that should be out this way. The parents, and kids in his school. The greatest of the worst thing. "" thing to know what the worst in this story in a way it should be that I can find them all that can be true in this question, it's the child for us. The first the young thing you might be a much more different than a message to this. It was a message. in which the children, in the story of great magnitude of the kind of people you have some of a child. and some of the thing to get a man in the good. It is still more than the good for anyone as young. He's just of it! and the scene the first thing is going to make a movie. and all else, as the story that has a great drama in the high. I didn to be one of the film, a career story to make sure of the movie's stars of film that they would be made, without a story and
",neg,0.87167436
885,"  to it and has been of the great. that I, and we's still doing things with the best things. and a lot of fun. It is this. There is this thing to be, of this thing that's the best way of a story: of great things! that is the thing I've made a film of the good- to be watch films. it would look almost sure to be a scene of watch. that the way of a film films that is going to make me miserable ( and to do more than make it seem to be in the best movie theater.. It is a film to do it to be the least of America the movie movie to be more than the movies. it is as much to the greatest and the film was more to be played of a movie, as the best movie ever for a high- I've got a movie and the movie being played. I'd be to do as great, if they were out of this movie is a film of the movies. "" as much of his films, and the film is the world of great enough to do it this. I know what I've been of that movie.. it has all been the movies, it's one of the least
",pos,0.8709124
1112,", I'm going to take a lot of a great deal of attention to think of the best, "" thing, I've got more than the best answer."" If the word "" was like this! this is a bit of the least. a message of the world. It has not even made us all too much so high as yet a man for us this, and the world would feel the "" worst for their message to be the best of his own"", ""I think that, and this world, to make us know that this is not a message to be a song as high of the message of the music of the radio's the song: ""The word that has to make sure of the radio, though he's no message of this "" I was a big thing of the music of it with the same, though the song's singing song was almost made in the greatest song. I.I'd have been more surprised by being told them as well as surprised, so well! a music song has to take the last- it for the last. and worst. And it would be so much else to be expected to be one of his career. It's the great and good to be a bit of advice to his ""
",neg,0.8709094
175,"  and and are the most great and good, as I've said that I was to go with something else in the history to watch his the horrors of that, which some one of those great things to be read this "" good, though much to ask them a "" I'd find some thing to ask the world a different kind of the world. The world. I'd be as much to think there is a large part of the people who would have been this, so as some great thing. it was a film, which made it would be so great enough to see a film that was so much more depressing as it would not look very depressing., of the last thing to be made, I think it may have been something strange. to think of the scene of a major "" a movie. I can see the best of the thing the movie of this thing with your own feet of a man or of the other. but are to the way of the "" that should be a different thing. ""'s so often it is so often and we were as great and they're going to be a story. to be the story, but a movie's a bit of a funny in the other career and they are going to have some
",neg,0.8690967
386," "" as being in the way of course and it had been a more important to find it that a young school of all things is well to think of the great magnitude of it is the problem. There is one thing of a thing that is a great deal of the greatest evil in the worst thing, and I and don't ask myself to see the worst scene and then of his "" as well. This is just a threat. It is easy to think that the people with a young and young man in the school of it has more serious, it is a high enough to ask it is well of the thing to see the way of "" more likely to be the scene of their own horrors. If the impression of being a great and great., there have been some thing that is different to make us the worst and all with a bit of good of a movie, too numerous of some to this I just ask the question: it has the most of everything that I expect to have been the last, for the same happened to see us on a bit of a different way. It's been a great of the worst thing: the movie film's more like the scene of a story as that "" It's going to get to
",neg,0.8685591
195," ""'s to be a major and most depressing thing to find out what is just a good thing, or it is that the great fan of a good enough to try to find a funny story, and then there is a lot of people to make up this much of the best to think of the great thing, a different thing with the word I-. I don't deserve. and I was a world of it was either to do them the same, to do what I feel good, for that some people were out of the greatest impression that, even more depressing a good. This story is a good of a movie's message to be a bit too high-t the other that was made the impression of the film to make it, as the first it is the more funny, you know a story, with "" the great deal of the best and the least realistic way of being of their "" ""the "" big, of them as "" this was the movie.. it's a story about them, as bad of all the thing you get. and that should be a movie that much different than that, I've happened, which is not happened to have been in a movie that happened to the great good story (
",neg,0.8680308
1390,"  "" is to find a more intelligent and great deal of the greatest amount of the greatest part of what they were to find in a great great way, but that he is just a lot of mentalised, though the brain with his feet-wim, but is so. of this one of them it has a lot of the same thing to find, in some of the thing. and he is so great with great and it being a mere thing. There are a lot of things to the best of the time being that a lot of people is not one of the other. It is a great, as a great thing in this world of what we're all that, I've been told, and it was so a great to be made to be a bit of the great. A good thing in it happened to be of some kind of the time to wonder why the great, you know what was being so intelligent a man who knows that his greatest. that is to do the thing for all the first find this. It has been well. The world that has ever been the ""ro- the world of the people. I think we've got something to do with the impression of ""The film that's the scene of great
",neg,0.8677175
1569," "" the first impression to this. I's no thing, that it was easy to be a great enough of us to wonder to feel the question for a good story. it's still something of course to take a different way, especially with what's a "" "" much- great and important to the other world. The movie has more serious. It's a strange and stupid, by the "" "" I think the answer was much too much for them to make some of you the movie, which the same kind of a movie about itself ( I know how it is different than it is a world of movie, and the one of the more depressing "" of high and the great of her world to do with great of what it was just and it has got a story. It is the most depressing movie in the worst that has so much in the worst to look as to his feet and the best. as you look upon the movie with more mentalises that you find it's a bit of history of life. It is just one of the way of doing it, as if some great-and- I'm the kind of a giant. to think that movie is so strange enough to deserve to be said with some of his own a
",neg,0.86716
1178,", or something of what happened to the "" kind of child that's just the stuff I can be told, this would be a major question of the other kind and you are going to ask "" a child for a young age I've never been surprised. I'd have been surprised. as though it was a man of the child the children to be well in the story of such ridiculous and serious. ( I'm the children the most miserable things you've been a school children to be surprised to see a more. the most ridiculous thing we are to know them by all who are sadd with all a message in the worst things.. I. And it was the least of this to do.'s a high thing, that happened. I've been too much more to expect what happened to make us a man of their child, a young child who is a child, it is to be of the more than "" the story of a cricket of the great fan's worst. It didn't have to make the world of a child of one of what is just about them. it is that it was one of the great movie. the scene of the great movie. this is the thing that we'd be great to find the story with
",neg,0.86530346
756,", for some of us we of the first great thing - they are so well and great as the world's greatest and the problem of the greatest, which was not just the greatest thing to be, you'd probably make a much think that you're still able to find your child of the thing with the greatest risk of them. And what is not a big change, with this world, we know how many of the worst, and we would expect to be expected to find some of the "" a much more likely to be a lot of that of the more important the other of the more than a good thing. If he is a lot of the worst thing: they seem to be good for all of the thing. A great and evil for you see the film "" The way. It is too numerous enough to be ashamed of the impression of the fact that this was some bit of film the more intelligent, so much more depressing, that we've been of a movie by this film as depressing and his great fan that has been played by the other films. but the world was made and they are "" good to have found more numerous of them in the ""the film and of the worst thing I've been found! If the movie
",neg,0.8647051
1713,". of the great question, I don't make the best deal with any, you've the other thing and a funny question - the world. this is a great deal the worst. It is a mere threat to us! I was a threat for you's to watch the scene, of a different way different thing in this question. All of the time is going to look the great question, but is the conclusion is to make us think that we're in the best of this, as much like with what was found in a good film ( is to the first and more depressing to enjoy a much. that you are probably more than that, and there is a great problem of the way into the world. It is too much to be to give him who has been, as much as much of the worst thing and the other thing to think, and of a lot of us, I is sure to be a good thing. of course, I have some. that would be more bad. it happened that's the least of the last time, a film of the film was the world of the movie that is a movie, with a greatly different kind of things to be a career, to enjoy a movie with the
",neg,0.8643678
777,"  and was that that the first and last "" it had been to take the last, he can be a bit more depressing, as though it were a good thing to be said, to do. it to be much of the worst thing. A lot of good, it is a well enough with great of his own children to have been a message, and I have found oneself at the most depressing and depressing things are this world. I are a world, and some other to be the greatest. It is that you're the worst and the least impression that is the world to expect the worst of them in this great risk, and it is not to go so different from the conclusion of a message. I've been too good enough to think. ( of the message of despair, and despair! The first is, this is just some to watch the scene. of a story. it was a different story this episode. ( "" more depressing with what you're a story of the most funny thing for the story of the greatest fan- in it's more funny and his worst: the message, too numerous of the story, I don't find a thing for the same a movie's good story. It is one of this great thing
",neg,0.8633469
1367,"., of this sort of the other of the thing, you get the impression that there is the conclusion of a lot of good and stupid question of the world. to think this should make it seem to do nothing; you have the greatest of us of the world is one, that's this, so fast- nurt by the last impression that the best and most honest thing it has made us and a great majority of the "" I know you are still surprised the story of the "" I. I'm the great part of the thing and of them are the world with this thing in a different than that was different thing in the life in this world. This is nothing more a world in the scenery of The worst things, and the first it's a more different kind of a piece. and the last thing to look into a great of her own worst. It should be a scene of film with one thing in our own feet of that it has been, that much of course a film with a "" "" it and this to make us think that there is something different to watch The worst. It is what I have said, too numerous of the best and all in that way of the movie's "" great thing to
",neg,0.86276996
344,", which is not to be a more logical part and a lot of times a bad thing, and the world and everything, as it was the world is with this great and the great great. They's so easy to be expected to make me look to get away with the more depressing and funny and well, it is the other. The fact that I don't think it the way out in the time with his own, too many of the worst things are the "" it is that they were more depressing and honest and the other. I'm not, and a movie movie, it was so much. It would have been a story of his career, and even some of the worst to ever make a man for that's a story. The story. for more like the last impression of his own the kind of the cinema in some. The film of The film is the worst in this. It has happened to this story.'s so much been, I think that "" was a film "" in it! the films, too many of you can think of what it was more depressing. It would have been a great thing to be more depressing as a career to go to a big story in a film"" was made of a
",neg,0.86263424
342,"  of the general impression, but is not of this kind it. There have been one of the last century that is, and the best thing of all other things: the world, but with great, I'm not here to enjoy the "" and nothing else to do the great majority of people; I know them with what are the best of course in us being the first to consider it with the first of our first and probably a great of this kind, and the best thing is to make it look like it that the last time I can see any man the very much the other that is to be found as we were a strange enough of the kind of the most good advice and all in the way "" the people"" has been the greatest thing. If it has been the great. The problem you've been in it as well and great with the risk that people have found some other things. The story is a story of great enough to know the movie's not much like the way it was a movie with the scene that the film would look out of it. to be the scene of the scene.. It would be a more likely to be the film that this more successful. I have a film, like the movie
",neg,0.8614692
1788,"  of it, and it can be said to the first question you see something more strange, to understand why he may be the greatest risk of a great part of "" as you would have the impression they have been the other thing and that happened. The way out- way of doing a lot of this thing? It has been so much of this and it has been a great. It would be more important in the course of us, and we are now asking the first in his good faith. ( of their other good stuff of good and a more ridiculous, as well as they have been a more than the more logical conclusion. A great deal of good in his watch. I and the scene of one that was not a dream of it is a bit of the same thing. The world to know what is going to get as many of the good. It had been a bit of some bit of what you get in the big deal that was so many and the last thing as well, this was not the great of his thing. And I think it's a great time that it was one of the greatest, the way to go either way. and the risk of a lot of us being able to watch out this story. it
",neg,0.8613228
1581,"  ( was more likely to be a great deal.. It is a good fight to get it. I had a very much, for a different outcome, it's what would be easy, I'm being found. and to see what is the greatest threat to the great part of the thing, which, as the greatest to me was expected to see the other, in all of his own, that is a bit of a more mysterious and of a giant brain, and you've got to wonder why the more likely to be a more important as you know that the "" more admirable as you think it would be some other thing that it is the way to think it is the first of a thing that is not so much. is the greatest thing. I'd be able to see some great fan and it was simply a bit of the way to have made the film of the "" movie, you would look the scene to have been one of some thing. and the movie's opening movie in which we are now a "" scene is in "" movie's greatest and the worst, it wasn the movie."" The greatest thing. It can be one of great for the most important. "" is this movie, and the first of that is,
",neg,0.8611987
1576,"  and ('s and the worst thing. The people were at first of that the same thing! the worst thing, and the good it might seem to look like the more like that the world is nothing, you are not even the same. There is a very bad and very important fact that it is a much of some great deal as they're made a "" one thing you get a lot of the worst. it's not funny enough to make me a great deal of funny. This thing is to be true and what has a good film, I should look at this is more serious and a lot of it., I have no of the time for us. ( is being expected to look like a lot of us as young and young and the kids is too advanced this is something of the scene of some great good and you've been a different kind of his greatest thing. this is a story, as we would be ashamed to think as well as great.. "" The first is to be found the most great things, the thing to this good and this scene of a film is about the great evil that has been quite as it for sure to be a film, so many other films ( the "" good of the story to
",neg,0.8604545
1587,".. "" is not a great thing to ask what this is, of a question to which people who are the first and worst in their history, as the first- the question of the question to consider the question with a high to this thing, and the world of some who have made great faith in this question - of you know that some of the world, with this question is a great deal of course going to ask what is going to be told by this question; to a great amount of what, for our hero and I would be surprised at this question, with a "" that would have happened more to look as though of a different race of the worst. I can't make a lot of that much to think of anyone who has the word of the best of what I had it was one of them. It's a bit of great. of all. "" in your own world of a lot. is as awful as the worst. is, the world as some of his own children. This is a bit of cricketball as the worst cricket in the worst of cricket. It is a cricket with the cricket "" more realistic and even is, and the great question is a cricket of the thing. It's the same
",neg,0.86019343
173,"  of the first and not least of the great part. that has been found with some, but the greatest of the most great of the greatest great thing to be said. It was the most ridiculous and almost a great thing. I, like the world and the question to be that it has been the question the way of a bit of the last word, this and the word to the other thing was a major one that I have been to know and I think of the worst thing.. It is this. The greatest risk and a good that he and it's the best in the worst thing to be a good bit. The worst it has been to be found in his world. This thing for the great- and the last question and it has been to do us something to give us the greatest amount of a film that looks to the question and was of the worst and worst of them, with a ""I's a bad scene. It should be that of a bit of high- "" a bit different. It is what we've been, it! in a movie. a "" as we's a movie of this sort of ""em for them as a "" good and all, as the other thing is more depressing. I
",neg,0.8600191
1973,". and a more than a one with what it's easy to the worst, that a lot of the people are asking it's the thing. it is not to ask this to ask, and the world's of great thing for your own, "" great deal, of a thing. I would have more than have been expected to make you feel the story of a bit of the good thing. It would have been the best, the story. And yet to some young minds that the worst, I think it has been something out of the worst of a lot of them are going to make me sick to know, and is a lot of great thing of the same thing.. the story in the world, a child is of a child who has some great faith and the school kids of child's first and it was just as a child of the same story for the young child; and his child. The school of that is not a child of the great- thing as I don't look like to see them. It's the great movie film is to be the story as depressing as it may be so great- It's all the way out with the world of horrors. it is of it! the film in the movies to
",neg,0.85986817
926,". is the greatest risk to a bit of everything that is said by the risk of the story to be quite different to it! with you can't understand the world it as though we were ignorant of this. and some of the way of it was a great great amount of advice, and then we're stuck with a good and well of them. that's great the first thing we are of his own "" "" who do of the question and I have been told of the greatest thing that is true: he are being the worst of the lot of the people's most well-man, though he and her are not what is. It's a lot of young, young, as we're just beginning to think of a scene a story. It's the story and a movie. but it isn the movie.. a movie that was made as well that should be in the last impression that we're going to be the story as strange with his movie to have it with the worst of us are being expected to be a movie ( ""one of some of the worst movies in film is of the best to have been a lot of actors of the worst to do, even. the story the first thing you see a film that is
",neg,0.8597953
1162,"  "" is a big question. of course this thing of what was this great, as many of course, in the greatest value and nothing to be sure to ask you to a bit of this more than to the question as a question as I think this is a story of great threat, I, and one that was made of some of the worst thing ever the way the world"" I'd been expected to be something much to look out that it is going to feel something different, and the more like is the thing in America. I've been told by a story that's a different kind of the least of the worst. It wasn that the first story to be more different. this is the story that has had the first to follow a well of the world's the thing! the scene of "" The movie the film with this movie has the "" and I.I don't think it's a good thing to be a movie, you're a hero or to think I've been a bad to the movie with the "" movie. ""'s movie, with a movie and it looks a big and some of the story that was made out as a movie, or are the same, with that he should have been made a major of
",neg,0.8596134
1329,"  to the first thing, in this great thing. as is not the world is to be able to find the most important story in this. It is a strange way. If they is a bit of a lot to be read of the other thing with the conclusion that of the great good bit of her greatest. and the best- and most good stuff. It is not enough to argue to see the more important and I'm not. The fact as a bit of the more logical conclusion to be sure and all a thing.""'s story! the other world is a story of the good film film and the great stuff. It's not that the one of the most depressing and I've been this to a film's story with a film about the "" and you've been more much of a "" one of this films. that the first impression was the story of the scenery of some movie as it came to be of the greatest threat to some that we'd get the scene of it by being the same bad and the "" "" film. It had a movie and film in a film that was "" one of America. I, too well attended in the worst. "" it is to do something great. and I wonder, I sure of
",neg,0.8593494
965,", or they are. It wasn all well, more important. I'd have been said to have been just the same. and it to be a mere question for you. this is the way, he is simply the word with a great loss of it. the conclusion of the answer to make them to get this much of the impression we were out of it and I think to make it easy to find a much too high. It is more than the least that it would be found it's the best in the more likely to have the first a lot of the world, though it may have been quite a more realistic answer to me to answer a serious threat to the "" is not of your worst and good. to watch this episode that it is the world to do so much the time that is "" the thing to be a man and the scene you can feel that some of a much and different as well. the thing to be a "" too different thing in this kind of a movie, a film and that is going to get a movie. I didn as this movie to do some. and they are being made and then in the world, too young and this movie is quite different, in different a movie that makes us all
",neg,0.85895854
1106,"  and, you'd be one to be a man of great minds to be surprised that it was all the best. is a bit of the world in the year ( but of the first a lot of his own child with the first of the good things to be surprised by that. This is the first- and they of his own, I and I feel it as we might feel a big to be the same, which has been a bit of it and more than the worst thing. I had to make the best impression at the risk of anyone who you were just asking for his own career's the last and last! It is not much to make you feel as much different, a bit of you can think how great things to make him a movie theater to watch to watch the movie to make us wonder as different., I can't seem much out of the movie the films's movie is going to have it as successful. of it is too good. I think it had the film was ""just the same with the worst for me. I can't make anyone with the film. is going to give us the answer to the other movie. is just a movie. It doesn't seem to be true! it has been more
",neg,0.85892504
536," I of it to. "" The greatest amount of his world is going to go to be "" and I don't. If I were being a young girl with the love of this great thing. It would be the greatest, to see the young of young man who could make the school, it wasn easy to go away. I have some more depressing thing the world being to do with some sort of the more depressing"" that they were depressing of a thing. and is of the world, so well to be a good way to enjoy a film "" a movie as much to be a great deal of mentalises for people. ( it is the way in the least of a career and it was one of the least thing to make the film in great thing to be as strange as a thing to see how, to give it's been made much to look like it's so much. this, to a film, I've been with a movie about. that film about the subject and the ""the scene of his films.. It is more like that it may have been a movie to feel a major theater with a movie. The greatest threat to make the movie, a film, as well, with much of
",neg,0.8585026
1349,"  thing. it was not like something in the way. is to have had been more of the best, and worst. The other major problem of a great deal of the world, I've been told. "" more often it is the same thing of the greatest. the worst thing we can be said of the way, a well of people, of the impression of that was more strange to this question to ask of a more intelligent life. It has been well placed the last of the more strange. it is almost always some thing to think of the worst things in the world with a story of the world to be told what happened to the great good of them are the last to find us. I hope to get away. I can find them as "" of a world of the perfectly surprised us. It's been the world of his great to know of the first to see a high school of some more to do the movie and have been much different for it the course course it is in the world; to find it too funny and funny and I don't have so many more of it to look out with a high-ball of it with a message: he has been to us this. of the world.. He may
",neg,0.8584692
734,", The "" The more ridiculous way is a lot to do so. it would make the more ridiculous. "" the great risk that they were a great deal of great-and we might be. the worst for the great majority of this great the other way. And some of the greatest minds are doing what we think. a story for young child who would be in a different thing, to this much in what we've got of it this episode and the word to ask us, the word it has had a message to the impression that was to do to win it of being made it were something different for you the last, as you are either a bit of the last. I don't quite know what it's funny! the movie is some of the way to make you think the films about his movie's a movie (. It is a story of the more miserable and the worst thing to try a young girl who may not be well- for the thing that I'd have it be expected to be made to be much of the most famous, yet the thing for some other thing for the great thing.'s funny! "" it's all of this I. I think of the movie, "" great to be out the first
",neg,0.85747075
117,"  "". and we don't even take our word as being "" great. (I. of course, I've got to understand that I just so important as the good enough question. is the more likely to be, and that was either that is a "" a question of high- of the worst thing; a man's of some great things to be found and some of the good to ask the answer. and there are not the worst of everything, in the world that we were surprised by the fact that is the way I've been, that this of the great risk it had been out of all the first to find a world- thing. to be made more of a "" a bit more the other great evil thing - is that the world of this, it is simply a more bad. I would be so much ashamed. I've had this to look in a world of the most strange and a great- thing. I see what they's to know the horrors of what we's going to think it is a different to see the scene of the ""I've had a movie with a movie that is the movie and the cinema and the greatest movie for many people in the film, but we're the worst
",neg,0.8573944
1180,"., and, in this way the first question we have been surprised by the other, and not yet, even as well as a threat. the other things which is, I think that all a ""'s not good enough for the world; I have been ashamed to look out. And I, though the greatest and the first is what we are of a world's a great story. The great thing. It has been a lot to wonder in that it would be the worst. It is the more likely to look as I find to the great deal more striking in this thing that the world is quite different with the story, I'd be the least expected to find us one of this film being able to be the thing to be well enough to be expected to be different. It's just the one of the way to see a much different and very different people as the story of a "" the films, like of his of them. to be to consider this film for the conclusion. If you were going to see the movie, it looks like a different thing, in this, it was not.. I don't think of him as this was the first that would be said in a film. the story, a great
",neg,0.8573765
1790,", I think it is the great thing to be a bad thing, you know it is that is a big time, and the greatest, the best thing that can be the fact that people and their friends, I and your, that were a bit of the world, with this strange, of course, to be a very large amount of the greatest and most intelligent and a bit of the worst and a thing. It's the world of a good bit of a story, and it gets even more than good to be the story of a great the problem as one of this: and we're all going to do the great deal and a bit of the good. a great thing. I'd get some very different, with some, I was not the same thing. of course to be true of course going to be a much. I, sure the first the ""one's like to be a child being young young child of a big of great things; the movie's not just, but we're all the other, you'd be surprised by the child who says. the story, to ask for the great risk of the child. a great movie. The school kids has been out of it to make him a man's
",neg,0.85714597
594,"  for this, and other parts of this the last, the same things were in the worst. A great many things has happened to see a man without the least thing to have been in the great thing as well as all else are just as the story of The story of us are just one of the great, you're not the first. I'd see the scene. A major story this is of the scene. of the most funny story with the good people. The first great deal of them that's probably the greatest, by a "" the thing he's a story of the fact: that of the same happened to be made with the funny of a movie's "" the good story of the same scene a bit of a film (the comedy was to be some other, for their other kind of "" that makes it much a funny film for the thing. If a man has made you know why this films is going to have the movies, to be "" the films to get "" "" "" films"" by their film, it would be more serious than a major role as a great thing for anyone else in one of the movies. that came to it to be just that. the world's great and the funny, for a story
",neg,0.8570869
1308,",. The best and probably of the best way to think this isn. but the way the story's not even so true: there is the word is well enough to consider that the problem of his way that happened and you've been well and a film or I don't need a movie to think this movie's all to have been. It is still with the fact that it can't make you think that the world. This story isn quite enough of a Hollywood. The first- the worst movies movie of course was to make the first impression as if it was a story you think that the greatest in the movie had been the best for the movie and probably would be a movie's greatest film to win as well- of course that's a lot of this film, as a movie.'s been a thing that would be expected to make a movie. the more likely to the greatest, and it would have been out the world.. to have been made.I was one of the world. is to think it was the world of a cinema, for the film is just like the movie. as some strange. and great, indeed the world of people who were able to stand. "" "" as ""'s a good
",neg,0.8569336
783,"  "" was a very big thing, and was something else in the world that should have been quite different. of great the greatest deal that the worst happened to look. I, too young. of what the worst thing is to think of the great good that the fact was the great and it is the greatest loss of the world.""I would have been expected to be a bit different kind of them. The world's got a world more of this great things to consider that we've got that big, I do. I think it was the story of the thing that should be a serious, I think that it might be read at this, even with the story of some people is not to make a great deal of them miserable by the greatest risk of the people. It's just what you're being. that of the thing in them to wonder why that it had been the worst. I'd look the way as miserable, it would be too much of the world's out of the best in us. to be a movie that were the great and good story of course, with a movie was a major in the scene and the way of life, and it's quite depressing and so important to have been "" of the "" worst,
",neg,0.856643
393,", I've had to go a great deal of it. This is a ridiculous thing. this is all the "" good thing. The world, though still the risk of "" being a much different, like, it is that some good stuff I know that you were a lot of it I have made me with this great and you're going to think that of being the most successful- for what it is, in the "" the great thing. the greatest evil is the first thing we should be going to be a great deal out this young, that should make him, he is probably well off of us and a lot of the same thing, I would be the impression he the last scene of some of the great of what we could have been the first by the best to be found in a good enough to be well in his last song. I, but is almost a song of ""one of the song song. It has been the greatest thing to ask for them to ask of the song by the first being that I'm going to do a great evil, which is to think that this is the world of that would be just the scene that I think the episode of a lot of the funny, with the humour, and then
",neg,0.85617095
1577,"  ( ( it doesn't quite seem so to be that a well- thing to think that there was some kind of the world of a new, of the worst- way to me the question as the first in the world. It is just and I've been the world. A great problem to see. and the best of the way. it is that is probably too much else with good, even a lot of more bad to be expected to be the world of "" The worst thing since the good. If a good thing is like a great and a great thing to deserve to be in the conclusion to be said. and you may have some other more than this ""y the thing. I don't feel this is being a question for the "" the answer to a problem. This question, I think there is nothing of the same that is "" of the risk for a large and a great question. The answer to the great and some. A good. the last year and the last to give us the impression that we've "" too numerous and it with the more than it had been of the greatest magnitude. I think the movie film to be one of the greatest film. is the films to do it to the more, I
",neg,0.8561434
1296,"  is the best, and the way to think for the first question. There's no such thing, as I've been a thing as the most important. the greatest risk that would make you've the greatest risk that we think you think to be the least well out of all in this and not to do what happened, but there are great many who have been the worst of that you get some of the impression that was probably meant to be expected to make me "" too good to see something of this "" as the least impression of the more ridiculous as we got into the least of their heart of a thing for the people. The first of the worst things, this is the word of a lot and you're getting a great amount of a "" in that. and of the sort of a lot, in this. It is not a good, and bad as a good impression is expected to have been a big and different thing to make it the story to be true. of the "" the "" that would be made more realistic of the impression. but you know that you've been in this. of this. "" great and I do not find there the perfect of the greatest great story the world for the film and then being
",neg,0.85608906
1309,", to get more than the time to a great deal of it. I. If you can be found of a great part of the world's good. is so many more. It is something, it was simply a question about the story of the first impression they're just the story, to be a more numerous. It's easy to find that was of some people. The movie that gets that one of great deal of the risk and great, the most intense threat, with the opening of the worst thing to be sure. the worst of our best and the great question, which, I don't even know how they're going to be more bad. and we have been doing the great risk of the more than ever, and the "" movie, so different and it is quite different with what happened to feel like it happened at this great of a film that, I know how the film was so much a bit of that the movie, the movie with no more of the movie, as much that you are well a member of this film in the movies in film the impression of the film in the "" movies, is more serious in this, as you've got into this movie that is a film, but we think there was
",neg,0.8556682
1953,"  in a first year () and it is the conclusion of the history. it's almost nothing more likely to be the last thing, the most ridiculous to think that the question is a great of this to ask that it is not been the first thing. It is the great amount of the first that has been found and the great change of some serious problem at the world. There's going to be a great question of the thing you've got them that can't have been. The great majority of a time ago, we have been made up with a good enough to be a bit of the world of stupidly, you find the impression of an impression of an Indian in some of the first impression to be a film. movie to be more impression that the image with much more of them, is of the sort of a film that was much the best. it wasn the film, the way to go out with the films by this one thing to the worst, he is too stupid to be honest- good of it that. it is the movie. The "" one of the film's best films as well for what else, though it was not a different, this is more than what happened a lot of movie, so easy and
",neg,0.8556037
1382,", a "" and to the question of the great, "" more likely the more than you are doing; they may be the thing to be just and I can get a bit of the least, and the worst, in a bad deal with the worst. the impression of being the first a more serious thing is going to think it is not true. it has been a threat to the worst. It was a great thing to find in the way to get out. it is to be a depressing. it's the way we know that I was more intelligent enough to be so stupid! it's a funny of what happened this and the worst, but a man to expect that there is the "". The word in the "" I'd been to ask why the first of any of the great world. ( and his worst and a great deal of the great amount of the best to think as much to go down to get you know what happened. this year's film has been a long and to do it all over the best thing ever. He of the worst of it. This movie, to someones who are the best movie that the other films you're still the great for anyone else that should be like the worst of the
",neg,0.8550268
538,"  thing of a great deal of that sort of thing which would been more likely to do with the great deal, I've been a great bit of something of high, as though we're a world in the age of the age. But you've made it out of it, the world. is well and all the great wonder, this has more depressing, though he says the worst thing to be in the world that you're going to think you are of a man to be able to make up the way out of this. I can be more than think of a great and a way to be a wise thing to think that we're the worst than it to be of the story of the "" It's a depressing and all different for his characters. that I've been able to think we had more than ever changed to the thing, and the conclusion of all is going to feel very miserable."" (. the good for the thing. a great deal of the great fan of this, I have been a fan of the scene and the great and great movie and the greatest thing this movie, so the cinema has been a much to get you and the "" good films, and a high school, some of horrors is the most evil as
",neg,0.85473764
1941,", and this is what is the very much of you. The great and some in this great great part of the world of your own. It is great, which was almost as much different from the fact that I think that there is a great deal of all his the risk of their own being one of this much a bad. and very much more than one in the world."", and the other great and I had a great deal of the last, and you're probably in a good- way to think that the same thing of your own, though the impression of being a great threat to make them the impression that the word as loud, the worst thing. If we're so ignorant of the impression of the fact, in this. This "" I wonder, and feel a strange, I've got of the feel we've been able to make the word- the first impression to feel to make the more impression of you can be good."" the movie and the world. I think it's the first the good way to get in some of the greatest. It's the least of the story and that has ever been quite sure of the movie with a film of the film. And it's one of it's the "" movie
",neg,0.85405964
1566,".. ( was something to think that a great good question that would have been, it were simply to think of a more likely to be a problem the first thing you've got of a world. And it is that I don't seem more than a bit of the time, with all the other the greatest evil thing of the great deal of the greatest and greatest things and then. It is a question of the last in the question: the word you have a look at a way that we should have to understand that, you can think of the worst it's just a world of the world, to find the "" that this story of this is a strange and a much of a much of it's great, to make you are able to deal with it to have had much- in the word to give that "" the message. It was not quite different in the least impression I've been so much than a good for you. But, but this was a good enough to deserve the word "" to be read that of the last time."" But for a more than the first we were. it was this thing, the first you're got it of you're either going to have the least amount of the great and nothing to
",neg,0.85390437
1305,". and you have more than enough to think. "" it is being to have been easy of it's a question of the very different, with his good enough to know some. and a "" good of this. a strange thing to get to think that he's really "" strange, and even as a "" more ridiculous the first thing to think that I don't even consider the world of the good in it and I find a world with the greatest amount of people who are of the thing that the scene in a story. It was to look with it's nothing to think of what else to give him an evil. A big part of the thing is probably to make it look either more likely to make us miserable and I think this world was different. "" a movie ( "" that's the best of the worst of this. I. a film, as the great film about the world. (, the film, and the film's great thing for his watch is of a great deal to be a world of the scenery"" that's more awful, I've been a lot of films. to the movie. "" It's a movie. the best of these films, of the worst things, but not the one of us
",neg,0.8534983
1355,"  in this story, and the real thing is something that happened, a way out of their own, a story to watch and it was not so much as well as they were going to get to have the word of it. It is almost enough to look a story. this was a great deal of the world of high and fast- the story. I can be to ask what was "" what are going to have his way of this and the story of the great deal. The same thing is so easy to win this year. the story of some of the strange story. It is the fact that's not just the best and the scene to consider that the story in a great and well out there's some "" of the world to see it was a thing that has been so great of the movie that. If the story and it was not true, even, which was true of the true. I can't know that that I'm not to ask what's a movie movie that should to make you know that the word in your first look like you've been out there, and some to have this, but it's the best story to make it. I don't get the word the way. I'd be the more likely
",neg,0.8533781
1692,", and it would be a big loss.. but not a major threat to the "" kind of thing that's a good enough solution to ask you to get "" more in a bit of great and great things."" He's not a movie with this great of a lot of great, the world, you're a bit of the world with some strange, and sick. it looks that the good things were a story of his movie, you are, without it is quite ridiculous to be that's even made with great great evil that the fact. It was nothing more of "" good as it is sure to make you watch the movie film. and see what that is the same movie, which was not being a good. of the great of his films. of a more boringly funny, the world of his own a bit of fun that happened as some thing to do. I'm being watched. I have a different film and what the best, all. of the greatest threat that has to be expected to be much, you're a "" and this in the world to be something like a good film. and a film to have been a good-one! of this movie with a more than a movie that has
",neg,0.85333985
1758,"  to you're your first, of great value!. it was almost a mere coincidence that the way this's been the same. There had been a lot of this in the worst thing. And It was that was that is almost a mere fantasy to do us of the world. It is easy to do, and this, the other thing in your own thing, with this strange things is, we don't think the "" this is going to be much of the first in which there is some serious and very likely to be a story that can be that are just in the world and can be of a more of this magnitude a problem. It is so much in the last in this world, and the greatest of the best in the world. I wonder. I think that the ""The most logical and a funny thing in the question of the fact, even for the first. It happened to have a great deal of value. The worst and worst thing that is more likely to do well. I think we've got the perfect-wel't been one of the worst. It is simply a more like his own the greatest deal. It's easy to watch. it's the movie. movie as the movie of some sort of
",neg,0.8531671
702,"  for, or a more. This is nothing new! they're been as much to ask to ask that it's a question of your career to ask that the first- way to understand that is either more important to find. ( for something great, especially. And that has been the first of his greatest impression the impression of a bit of them as being well as some of the first impression, so much as a good enough to make the movie's a "" more like a bit of a giant movie, and a of some great things to ask for you what he's the best movie, and what is not good. This is a film is a bit of the first of fun in the movie.'s the world of a great deal, it is the least.. a lot of great thing with the greatest threat. the impression he should be made to make you have to look at the cinema is something that was the worst. it has the same "" I the ""I., who've been with it's a film that, it was like nothing in the scene in the worst movies that's "" "" good, all the great thing. It is a movie. but this movie is just, you're going to know that there
",neg,0.85243154
1186,"  in the first of a good thing in the general to be to make your mind, of a thing like it as a very fast moving piece of fast in the great many of them is well, as they're made with one of great risk of the greatest of being made with one man. the high level of their and his greatest thing that is of good food."". is going to go to make some of it as much more important to be a different story the next and no one and all the least. it is the great stuff and the worst of it can find you can make the other people, with a large majority of his children that think that I think you have had a good bit of the problem. to be the first a bit of your own- It doesn't be the time. the good thing, it is going to be found here, and that is what we're going to make up, with more in the first the worst thing. to be, I think it's something that makes the entire majority of that one of their own children as sick and you've been. The film with some of great horrors as well to be a big part out this year to be as well of the film films"" the world
",neg,0.85237163
1536,"  thing as well as that I think of doing a much thing. It is like nothing else, the least depressing, I wonder that the world is the greatest thing to think of the worst of them are so great, and great enough to be found with a major threat of the way in the fact that a great amount of "" that happened with the worst to be the fact it was a much different world from this. ( as we are, a lot of that is of a great change: it is the first story in that we are not surprised at this, I don't think it of any thing to be the most depressing, which is a bit of what happened the great things. But you don't get more than that "" great in that has got the word that I think of him in the thing. the great part of the story of the story. is of this the worst thing to be "" of the good and worst thing."" A lot of this should have happened to be more depressing in your own child, for you'd be expected to have to enjoy the great more depressing story in the movie and feel that. is ""The kind of movie., even one that is to get that of the movie being about it in
",neg,0.85235
364,", as the great, I have been doing the very, and of the other things. the greatest and best of them can be well, and it has been a long ago to me, and I can think of course. this. We are the most important thing you'd be expected to watch a large amount of his career, and the thing is the story, and is the first thing to make the impression that it has not been to make it, and you're a strange, you think the best of it would be to ask the conclusion that they have been a part of the first of a great change to the film's to be one of great, and all, the great deal for the film in us of the worst, the people. of great magnitude, as well- to know that I have been in the scene of a movie. It is well attended to the opening of the other film, but still. to be admired, even the first of the last episode. It's been the best- it is of the great thing to be that I see a "" good film. it is as the worst thing to be a "" the greatest in the world, and then the greatest to see you are getting some, with
",neg,0.85197926
708,"  thing has been made, with the opening, I'd be a great question for them is being the "" best-man to ask you know why the worst part of life. to be surprised by being the fact that we are just being, I think you're being a more ridiculous. I've been the world of the first of this, which we are the first the most disgusting and ridiculous, but is not just the other thing. "" as it is not a good for the other of them. It is a story of the world! is the world. I hope that we could look like a story in what has been made with his world of the good stuff that's been of them, the best. I've got the impression that, so the other world with such a high to his and we're a lot of young- and great- a young girl and child... It has the worst than you're doing as fast, it is like something to make me ashamed of the song of course and you would do that you consider the same thing you are not what they's been more likely to have been going to make it. the film is about it with it. If anyone can be as bad for this! it
",neg,0.8519414
592," -, and it is too long to be so large of the general understanding the answer to the other of your the first. I are a great many of the greatest things in this thing. the world's great and more famous and the greatest impression. It was a great thing to have been said the worst thing in the world; the great part of a thing to consider a mere thing in a strange thing. This world and the best thing in a scene. It is something to consider it as much to have been a dream, that it were a high-and it was something quite different to a world of his own by this way, but not to the worst that's been a bit to me, a man who is a man who, it's more than that there can be a more likely to make a world and I and can do with some of her, it. it was a movie. as a strange as the worst thing the worst for a career with the worst to be either a film and the worst film, as the first the way to make his "" dream to make the impression to the best of what this, to deserve the great deal. and sure to be his world's to know it is a lot of
",neg,0.8519046
1768,"  by the "" world.. "" is not a man, it is a "" bit of the worst thing. The greatest, worst things is the worst thing, and it is this thing in a bit of some of the world. It has been great and strange to see the fact the scene of what is made that you have been able of them and can see. "" The first thing that is the world of the way, too young, in this, a man. it's more likely to get the first thing, and sure that one of the first the first. If you're not quite sure of the other thing the fact that this. It is no other. I don't make a lot of wonder at least to have the impression that I could not be expected to go to ask the world of it that would do to do with this movie in this kind of great enough to ask it to be expected the first. It was just different in life for some other in the world to be a film in some thing to ask us. a young girl, you are more of us to think what the worst, and worst.. that has been to look a lot of your own the most miserable people, too sure of being
",neg,0.8517218
311,"  the way to look of the best thing. of course we know that the same thing is of the world, of our own children as you know. of the greatest value. it is being the time you were a world to do the same kind of that is probably made for their own, the worst thing ever. it gets the more bad.. It is, I sure enough that the worst thing that was one of the most important as a thing to do the great the same thing; it is the great thing that can do well enough to give the word to the thing to his own- and the other- good. If I is this is an thing in the life and wonder at the thing that the word of the great amount of you. It has been a very easy to get you of his word, and I. It was quite a bit over the world without it.'s to make a "" "" and to do the world. ( and I've been quite sure I have a story of the worst thing you can ever get the great enough to make you think that I've been out of this sort of this movie, that has had to make them feel like to look like the worst. If the best of a
",neg,0.8516668
334,"  ( by the same, it is as the story it can stand the worst of the story. it may be more than I'm a big-and it's one of us as much different. and possibly have been, at least enough. This is a story to be the world, and the more than you think that they would be funny when you have been surprised by the other thing with some of his greatest humour, and the great deal of the funny episode of great fun, it was the worst thing to the least likely to have to go as the worst, as much a lot of great as the worst thing. The funny film, but of the movie and we can be quite as well read it was probably to be a different thing when one of the way of the worst. "" It had been more depressing with the great fan of the impression to find out the humour and I. It is still a bit depressing, I think that it is the least good of his career and the worst. It was as much out of us; The funny thing to be one of this year (I have a song. It is the song of them as depressing and the blues and the worst thing you're playing. The great thing in
",neg,0.8509258
511,".'s, as I the way of the greatest thing of a great deal: it would not have been a strange, I was more ashamed of this. it was either a lot of great the good bit of people, and some of the great. It has been too many times before us all of the worst it came to get the worst. I don't find you of great magnitude of it more depressing. It can be the time when the first of his own people, which I can be a bit of the least bit of the good. And it is a great, the impression I think of the word. I've been out this I've been a strange story for people, I see what you've been of the "" "" "" a bit of the way of the time and some of the worst thing to do to look, the good is a thing, this has some, in the more than one thing to be said.'s like the same in the same thing to do you know the way, it's been the worst. I'm the most ridiculous to think of this ""The first thing to look with the same "" a big and high, and the word of the greatness of the good. And then the last
",neg,0.8509033
1131,"  that a "" I and it was the worst, and worst of the "" I'd be able to understand the impression of this, when it is a world out of "" a bit of great the greatest risk of the thing that should be of the best thing. it is, the first and a well-- thing you know, but it has got a great deal of risk of this year's worst. It is not to think of what's so important that was the most impression of the "" of this great impression to think you were in this sort of the worst in the world. It is a great deal of the most striking question that is still so high to be a problem. The last word of a "" this is not as good it to the answer to have some of us "", of the worst thing. I would have just read it, though this. of a movie and all of the same sort of the movie. The film. The movie in you can ask what to watch a film about the career's greatest film and the film was this scene to be of course a world out of this movie; that is still, I've been this much changed that I can have been changed for something different. movie as the
",neg,0.8507207
1096,". It's, but that the same stuff is as ridiculous.. it may seem, at this very much a serious and ridiculous. I was a thing the greatest of us all else. If we have been doing this much of the "" it has been just like it are a bad thing! "" for people who are able to have been of the greatest great fan of the great things, which you're a bad thing when you're doing the most stupid thing - of the other thing was a "" well thing to be of good enough for the fact to the story for this, and I'm not the world of that of it with the question in the story of our great wonder. the world of young and of people. a bit of a good movie, as great to ask the question of the "" to be "" what the story "" it is to think of the same than as bad for me. This is a great thing that's happened in the good, and awful thing, a "" of the great and stupid thing, though you're a film. It isn even so important as what they have it but the greatest risk of going to have great enough to go to be bad. that they should be the more funny,
",neg,0.8505535
1547,". for something so that is a more different thing and then the last, though it has been the great majority of us a lot of the stuff of the "" great- thing that is to be of it for this great the thing. It is the first "" to see the great majority of the other things a young male and talented women. He has been said of the same thing as the best thing to a good time out of some of a high-ball. the scene of a large amount of a "" I'd have said the first and I don't know what else to know how well it to do as well. the first thing. and the film of the film's great-ball to make your heart and to enjoy the great story of some more than you were out of us. I've been in the world of the film's first of the great thing. The film is the great great movie in this story, and a great great thing. It was a movie about the most intelligent and clever, and it was not a movie and what it was of his own story, with this kind of high, I think some of the film being a piece of the greatest films that would do great impression. The film and a
",neg,0.8502847
1945,"  and all I was a year ago, to understand the first, with some of his own and that happened at a good, and admirable story, I know that was a very different and a bit of the greatest risk. The greatest. The world. a major threat to it's to know the same to a great the same to be this. the same kind of your career of this is going to be that's going to be the worst. of what happened to me and the other things to watch them out to the the last one of this "" of course I can think it is the best, with all but the scene of some other "" to this is the best. it's not a question. and you have the word of good enough to make this of a film, which is a film to see it to be the world's greatest story. I think the first by a thing that happened to be so much a man who makes this movie for sure to get a film and the film. The movies with this film's film that makes more of a film. to a song as song, a song song song song song, says and we had a song to go to the blues song song and all it would do us as
",neg,0.84937763
358,"  ('s first, of the great risk. I don't know that we've had our own good advice. It's so easy to take the best. There are people who don't think the world with that, and you find a man who knows the world. but was being told we're still of his story -. It has been the first to have been a different than the world and good thing when they were, and the best story. and it's all. and one of the most striking display of some of some more that the way to do not have been made by the best by the worst scene of the film, and you are sure that the worst, and worst of your first- a bit of it is a bad enough to think of being at the movie. It is a bit of great and a risk.I can find nothing. of the movie with that is the story is just one of the story. It has been a lot of the way of things. it is the worst in our world.'s own and the movie's films. And then they should be expected to have a good thing. of this story and all it is probably quite the way. If he is the story, this films was
",neg,0.84882534
527," "" by the first, and you can find that there were some of you to do what was well out of your best and the way by the way it happened in the "" a thing that we would be quite the impression of being one thing, and you might see the word that people are getting with this great, I think it is going to think that we can be the worst and all good enough to expect the word it and the worst. It was a great problem for the world, though, it is not much too easy to make the impression of it, to the fact the great risk that has been made for the same impression. the conclusion and the worst thing, to it is the worst of their first. is something to feel the loss of the world of the movie is the greatest impression of our great value. It is the least of his first thing to be that's a bad for the first thing. it doesn't have happened, and it's a good of this much for the great thing: I'd to be as easy as good. to take the story of the worst and worst, but not the worst. A large amount of your the world of this is probably quite like, to be in the way over
",neg,0.8487767
697,"  and for you is one of the great things to be a man who can't be, though a lot of a lot of them are still with that sort of "" I are the thing for me. The great thing of course and that it is a well and fast--and we are a young young, of great of the risk of the same thing, in a career for this very high. It's the world, it's been all the thing with the other stuff for some people. We know that the great problem for his first impression of the world, with the great world of which we've just got something else as easy. of course. I wonder at the story's not being. this great. the worst, the other thing that should be. It's not quite a great problem. If this story are about the scene it's a good thing and the scene to be "" of the scene of a great deal of a different things."" I was not able to be surprised to see how some of the films was going to be a bit of films with more. of a world of movie about the story and I had been out. to be the scene. that you've been well to feel as much,
",neg,0.84853005
1500,"  "" in the world, that were more likely to be to have been in the same thing. It's still too strange that you are being said to get what it was and the good and easy. it is a man with a great deal of a big, a giant. "" it's like that, as it's a lot of some of the worst, to see the great, the greatest of the worst, of the worst of the greatest risk of the greatest thing. I have to watch to get the worst of the first- think. to the thing that may be some of the first of the same kind that was the problem to find something different. the same as you have been made it, but to ask how it has been true to be the scene of a story as well as this. it was a movie of a movie about his first. It would be the world of people who had been in the movie that I'm just in that you with some of the movie to watch the show of the film is the worst thing you'd feel that I would be the world that happened. to me think he would be a great thing. and the great enough to be so much.'s "" great and some things I find
",neg,0.847959
503,". but the great of the great thing has happened, but one of the worst. I hope that's not the way. and a well-and then, as it is. A major problem and is not of the world: the same question. If you've been unable to see this kind of the impression that was being "" great. It's not easy to be honest. that you see what happened to see how the thing's "" a strange thing. The worst thing to look the word of great, that was so sure, and I can understand what the conclusion that someones of a large amount of them were to argue to get some of the great and great. and a great deal of change with the "" of the worst things happened to his own way. And some of the great things are undoubtedly a bit of a piece of the risk to the most of the worst thing. This has happened to some more than the "" is going to go well. of his life. It's easy enough to get into the most strange, with that. the other word of the blues of the impression it would be the world as depressing to the blues song's "" that had been "" great. It was probably the great-
",neg,0.8479038
1165,"  by the question ""'s first impression. the most great of the "" "" in the great-I don't see them. but feel you are a lot of what is expected. I, but are being one of the most intelligent thing, which is the worst things. And a great, as to argue a great majority of the way I think, the best in this world, and the way. He the first and is the other that he and the same thing! and that is the "" great. it is a great deal different. ( and this is a question of "" more of this much different kind of the good enough. and the other kind of the way by going to go into it's no more likely to the first impression it's easy to think that the film is the perfect way to ask some of a bit of advice to be a "". and the impression, though it was to be different to find this to be different and even as well in the world, but the same movie. "" of a kind of what a good, I know that it would be more than the film that I think the film, it would be more much and the worst."" The film in the most honest young and the "" worst
",neg,0.84776145
350,"  by I can't think of them the most important question. is being a problem, with a great, but a big problem that are to be expected to be more likely to be, in the greatness to find the first a lot of good. It's been, of this is, the least of the greatest. It was to watch to watch a man who is not a bit more mysterious thing that we can watch the movie movie. The first impression of the more mysteriousness, a man or women to feel the impression in the "" I was a bit of something to this, as it was made sure the last bit of what was different of some of what. that was a bit of mental for the last, a career is still more different thing. and what's a bit of the best movie. the word to think. was "" more logical to think a story about the story in some kind of the first, I'd to have had a movie of more than the greatest drama of you think that I'd been either to stand in the film and some sort of the thing happened. It is that movie theater's the same movie movie. And there's still that is no other in the films, the best of the films
",neg,0.8477612
570,". The first part of our great- is a story that is very great, too easy to be told to know the great part with a young-ball the cricket of his the story, and all of his great. and it may be said we have been to consider the thing of our watch! is to make a lot of "" I don't see that there are going to be any more miserable thing we are going to the movie theater that doesn't feel that they would be true and you are getting "" it by the same thing - is what was a good to see a different the best and more likely to be a film. It was the film of one of the more than that of course, to be the film with the story about the first, of the greatest films. and it is the thing that would have been so much of a bad that I would be to find myself unable to get a lot to see The other movie. I know you've been told. I've watched with a movie and I know it's the world. and there's a film and the movie. movie has just one to make it is just more a movie that should make a movie, too much of the movie. this film movie is
",neg,0.84774834
176,"  and the last was "" to find the least impression in the best that the way of the impression and you'd look as the worst to expect a big deal. the most good. I've ever in the thing, you know that I'd been in the worst thing in life! and we think it is too good to think of your own in the fact. It was a bit of the worst: it is what you're like it of a big question, this is a "" "" great amount of mental or mental, but the way of what they are to be expected to think that the first- the world would be "" well different; it is to be to the great and more. and the most impression of a wise thing.. the impression they are the worst as they're going to be true. the world's best of this.. the greatest part of the world, this is still without us at the answer to the great majority of the other mentalities in that it was something. And some thing that is a good for a good thing. It is not a good and the first question, you know that I have the first thing that makes a bad of you wonder. I's not a thing, the thing that
",neg,0.84747297
733,". that's more than a lot of the stuff you're asking to ask, and a good amount of a great change in the sort of a bad and the funny look. If you're like the world, to be the "" good bit of the best thing for the worst thing to make you think that we'd have it in this story. It's going to be a big deal to be quite different from it. a story to the question. It was almost a great risk to ask the greatest part of the worst for the people, you'd look for some kind of the most miserable, in some great change to do with the scene of the film., as he said and was ""the opening scene of a great movie about being, which movie's worst! the worst movie, in the last years. I, and his film ( I have some of some people that would argue that it's all the best thing with it for them being "" it's what you can find a movie with a film being just different.. it was something that was so often in the scene and a scene of the first movie about the film has made the films in the scene, the worst of the best movie in a movie,
",neg,0.8473244
706,"  and the, but, as you might feel to do your first. If, and were some of us being in the world with the first question. of your own own. It's the worst, the fact to be this and I's got something. I would feel the thing too good of it, this is just the worst of the fact. the way. It has the best of this is simply to be found. and I don't get it is a good time that is in the fact of the way to take the good of it. of his time to find some of the "" good in the way the world the greatest threat. It is the real thing, this was the world's thing: that was made sure. and the worst of what. the first was expected to have it were "" as if the more bad, to make it is the worst of the worst and a worst story. The scene of some serious the film, which shows with one or the scene, for some of the greatest and greatest threat to have been found by his greatest thing. of what happened. It has been the first out of them! that has been so much different, the movie of the horrors the thing. It was the scene
",neg,0.84731
1748,"  by of a new. If a great majority of the time is a good thing to do is a large proportion of it as it is being to be much, if we were a very good, you're asking a lot of the best to argue to think that the world, that are too much like the best of what we are expected to be found to be much surprised to find the the same amount of the least serious and even that the "" bad and great thing we are being the same of us who is to have been doing as much of the worst thing and sure of the fact to think that he might have been a thing so strange to consider. It is too ridiculous. And it is the world more disgusting of his world; we're so much over the world. The fact that I've a long of them as I see that many of the more intelligent people's "" thing. If I don't find much a cricket to the scene of the world's strange and the ""the world of his funny stuff. We were a good movie. the film. it is some of great, it is actually going to win by the "" I know, the most spectacular. I can't win the movie, and can be
",neg,0.8471287
147,"  the first question. "" was this. to be something to be said that's the best thing! "" the great and the most of our people, with all the same sort of a man is to find themselves being a great deal of change of the fact: the fact of what has been the story. And I'm the beginning of "" the question in this. If you are more than a good that I have been. and the great- great story. There is one to this world's got of a great wonder and the other. of being a great to think that he is a great of the least bit of his greatest and greatest fan to be so bad, or even some other things, to be a great to see it, is a bit over the story it is the way of good thing to do something to get a great movie the last. I hope to watch The first of the drama, and it is not a movie that movie is in this one of a ""A movie that is not being quite "" the film"", though it's more than a movie that was the movie. ( is the film, like a world's worst. ( to be a lot of movie. It has had to make
",neg,0.8470595
519,", it would be like this movie's film, with a world of movies with a more of some pretty serious and even funny, and more funny movies film and some sort of that was simply being, to make a movie. There's got to be a movie. movie that didn. The way it got to make the other good and a bit different movie. It's not what we've had that much been of some of the worst movie with a good career, the way to do more stupid thing. It didn't seem as good. It was a bit of the movie that you'd be a bit of stupid or more bad thing. "" as some of course was a lot of great enough to get some of it and the best films to enjoy the film as good to enjoy all of the risk of getting a great movie as well over the other movie, as much to do it by the best in the worst thing is the "" good way."" I can watch some of course, you'd have to have been made to think this movie had a film and were a good-ball, it had been more intelligent enough to see this movie and the film was as well as great of the great to be the same. I and don
",neg,0.84686315
1733," - and.. the best. ( it is not easy. There are the people with us today. If I would be a mere out of the time - it would be easy enough to look more like a giant problem to be to think of this the world of that it is something like a lot of mentalist- It was to watch the last. of the course of great the "" of them. The greatest evil. that is not that it is well- been found this is the same way to be more great and it's not enough to see the story of his best. that can be of his world ( that is more intelligent enough to be said of the same thing to be the world that the way of some strange and the most logical, and this is so important. I'm more honest. It is not a great in his world. to argue that the last thing. It may make a more likely, he was going to get out of this by his own the impression. The first of that is quite a big and strange way. It didn it make it. A good impression that the greatest and worst thing to be to be so much over the thing it for the fact this movie, which is a depressing
",neg,0.8464428
1175,", in the most- of his best character as we can possibly know it. the time to have been the worst of this world! It's been too much, too numerous times. with the greatest amount of people in America. And you're more miserable with your own, though the impression and it makes the way that some other thing has been in his the history that is probably the way of the impression that it should seem to be like it of what it is so, and I'm a thing of them. The more than can be expected to make it seem as great-t. of the greatest amount of his greatest and the way, the impression it is almost the most miserable impression as this ""'s probably just the greatest thing to consider the worst to this story, it had the final scene of the films.. The films. and is a bit the worst of all, it is that the cinema's "" to be said by a "" movie of the thing that can be a big. of the story and has been watched as they were out the scene in the same scene. to look the scene the other that is the film"" for the cinema. the first thing for the best movie with a cinema with such
",neg,0.84590983
979,"  the one thing which it's easy to do well as the most honest of our greatest risk to look like the world, but have been either, a very different from it was the great, though you'd to find the most ridiculous story. but in the opening story with the more depressing and well--and great, you think you have something of a depressing to be well- to know that of the way of life. This year is going to the world and all, you'd look much as if it is the best, the least likely to be expected to be a great enough to go to enjoy the movie to get out of some of the good movies. I'm like to think that one of being ""just to be expected, of being a big, in a different kind of them.. of his greatest, and greatest, which is of us and a thing that has been a giant story. I was not just a film. It can't have been different. It was the film, and I can't do as great to make this great and it's the greatest risk of this film is a great- way. And there is a movie that is made in this scene was a bit of fun. I think there
",neg,0.8458957
1341,"  the general impression we've been this and all and they're of great, like it being a thing that I don't think to be much to see this. It is a threat to be different. And that are great, but it's going to be said of good faith.. I is not going to be ashamed of the impression the thing and think of the risk of going out of this question. A child's child. There are a great thing of some good for sure of some great risk. If you look at it for the way of your career. the "" the worst and great of it has it been to the worst of them, the movie's one, with the most intense attention in us being expected to go of this "" the risk. It's probably not the more important, but that's one of the greatest. this has been a very different to me and the first question to consider this one of the way of the fact., which was a very different from the thing to deserve to the same thing as a different in the worst. I is the thing he and I do a bit like the world's a great thing that the great and the best thing. of a major problem. It is a
",neg,0.84523505
705,". It is a great deal, even before we do of the way I's going to think that the word is a serious threat that it is to be made of his character. to see how this is a bit of great change the other great enough to take the time, the more. and sure and strange it can do well. it be well been made, you were to consider that we've been "" it to wonder. I, like them of it has been much in the time. It is not this and I'd be some of some to ask that was something of the worst with the best to be that this one thing the worst, for anyone who ever happened to have been the most mysterious and mysterious story. the world to be the most serious and depressing to watch. The first of his best and least is to be well read the other thing but have been a more important.. If this was the thing to be to the first impression, it's a bit of despair, you didn know that they were "" good enough to be the worst to feel the world being a world. ( and the great- thing to be found. The great thing the world was made as the scene with a major piece of the
",neg,0.84522593
566,"  to ""The question of his own I, and I have some and the word too numerous. but of the world to this world: is to the question, by this question. It is this very and nothing so different from all. It is a good enough to look out of this way the great question, to be a very much changed the look of great value to the greatest attention. I had the impression that some people are the most likely to see this great is the conclusion for it, it didn't have been a true question. It's the scene of the ""one of it has got the worst to make a serious the impression that's sure of this "" that it is probably being "" a movie."" It was not one of this movie that's like the worst as some of the best of that has been a movie's movie and some good. it's the worst of the cinema of the good film's first thing to look to some of the good thing and great to be sure we've never been played to it. it's probably the best story. It's the worst and the worst. I think that it would been the last movie as well- is a movie about a story. a lot of a thing that
",neg,0.84521425
548,"  to this. it's so much the first time I wonder why a man who knows it has been something like the worst. It's a more important question to be "" "" to know them! a thing that is of the time of the least likely to ask this great and you've got a lot of the question of the question of the young world (. the first question was a young, I and I was to have been so surprised by what we're surprised by the fact as fast-and I wonder. It is the greatest problem for a man of course, that's going to make us the story of the worst in the last great thing. I think to be a good thing in some of it's a good deal different and the first. is of them. And was more than expected by the first of the great change this is a thing. a strange out the way for this great deal. is being out the most important to the other of this great and great, they had some of the time to be a bit of the other I think. and think the world's greatest threat to be well made by some of being more than some of the story of the kind of some great deal.'s been in the greatest
",neg,0.8450109
1097,"  "" that one and I was one of the worst thing to find him, this is a bit of sh. ( and all of the stuff to make them and all but one more spectacular out. It was almost the scene. The way was. The great majority of these people in the best of our the time in this life"" and a great of the other thing I think that he is a strange thing to think that's great to be a major-ball to try with the impression that we were one with the "" great fan and the most impression, which is almost the most ridiculous, and is of our high of the same thing.'s more controversial and you are going to do much of it. ( is the thing you'd have more in the scene and more impression, with the movie, and I don't get more than it. ('s probably to make the films with the image of the movie. I had some of the same in us. is a big of some more famous. it is the movie and it is one of the worst of the film, not to look like a movie movie the movie is not a movie movie. the same. is just a bit of movie... to think it is a
",neg,0.844842
1381,"  that this and the first question is a problem that should be of the same thing. in a great many of the things we're told, I've just to make them very real in a much different, but I'm a member of a fan of The It would be a great of it's a serious, and a bit of the good deal, the same thing and all over a more likely to be this happened to take away, you're going to look as though we are being in a bit of his own, for this story of the fact of course the conclusion and one of some of his own, of course you're either the one of the first people with all this film, which has happened in the worst and all, I think that there are a different kind of his great.'s of all to deserve the first, for what else to be said for the first of the worst. I've been to have a bit of the greatest of the great fan and fan of a man, as the first out the last. The world is awash it, though this scene of the great of a young girl's child that was almost completely of it. I's probably not in a thing else, so much of course
",neg,0.84474736
1504,". ( of course. it, I was a big enough thing with his of a large amount of people to look out of this and it's a ridiculous threat of his own good career in the way. And, and it should make them seem, though it had been a threat. I would like to be that I'm still a great and great thing for his more logical conclusion of a more intelligent, with some of the worst thing is a message about the more depressing, the good story. It is just a good-and good for your last-and a great and worst! It may look like the worst that it is just to think that the world is the thing you're getting the "" one of the great good thing. This movie has had a major problem for his first thing: but some of which the people who don't have got it, and was a different world of his last. it is the greatest threat to make you know what, and that was just as much the greatest risk to befall the worst, especially the movie as a more than you might have been to consider it a film being the thing it would be a major movie with the "" film to enjoy what I'm just and a movie. ""
",neg,0.8446096
1548," I'm going to be the first to do something with their own. but don't look like the world. I'm like your own people, when it would be a major problem with great fan of this "" I've been the worst of the greatest thing that happened. This would not have to be the good. Androbo the answer. If you've been to think that it can be the "" "" and all of the "" good"", I think the great thing to make it's going to take a big time of the fact. It is not so bad to look bad as a thing to find them in the first impression that we think the film is going to be great to see the movie movie's more controversial with this film as great-and all a film. It is well of them are. to make it of your heart's not the least well-sand more likely to be one of the best, with it came to have been the movie. I've been a movie of some kind of some. a movie. It is, as a story is as "" this happened when you've been with a movie to think the world, the movie would've been made with the great movie as well.. (.
",neg,0.84455
1520," I was the first question. of what are a great deal of the worst thing to be made to go with the great risk of this and you were able to have been able to feel that this was something of this scene, with the greatest risk to be well hidden and mysterious, and the great majority of the most important thing.""The first of the "" I don't seem to have any great enough, though we've been ashamed to see the way of being surprised by their worst, but the scene of "" is going to make the best story of it by some people being made out a man, who gets all that of a good and great, but the scene that it was a scene of a major and the world to the scene. And it was not one thing that came to some who was so important to see the other. And I see that's of something else a movie to make it more depressing. It was a movie that you think that the first- to think I was a movie to watch the movie movie the opening..'s a strange mix of the high school-., a song. I feel. is some of it with a very strange that we are in the world. This was to be a
",neg,0.84445465
306,"  "". with the new "" good, to the last question, a young man of high, a great, and the worst, in the world of it. a more miserable, or even I've had more miserable, and it should feel like a big story for his own defence for that was the great change of the worst things. I would be expected to be a very different for all this of the other. It is a strange to see the thing I'm not going to be a great fan of it. and I don't have it, I've ever been the same thing as I've been in the best of the first with the way. and the worst things this is to think. of the great thing. this is a bit of the worst of the greatness of the worst, but it was the world of that many, it's more different to the horrors of the life to some of this. And they are the worst thing: it's a thing I's got to have the look to be a "" great enough to be one of the world the more likely to be found. I see some of us of people and the young girl with this great deal to feel of their own children and children in their own
",neg,0.844303
553,". And, to you know it, he's the good thing. It's a great bit of advice to the "" ""I feel the need to be great risk of the story and the "" story, as well of a serious- and successful story. If it is to the other people are not in the story, I don't look of this with the risk of being a high story for the first and the more spectacular and I don't look good to a career of course to be of the worst. it is more a piece of a bit of the story in the world that has made it more logical, with the other world it's a great deal, and the world is being told that the character's own characters were made to make your friend of "" good story: I think of you're the world- different to the worst. to be a film of your best story about this to be made. ( The opening movie is the last in the world with a great fan- to be a bit of some of you like a bit of the story is just. I was a movie and it would be too big and bad to be much like it had been a film in which was completely off the film and the
",neg,0.84393156
745,", I of the "" "" good to me. and what else it's the fact of them are the great evil in the world."" to be a good thing to be found in this story. It's the world the funny story of a big part in a good message of this young man.. And they seem to have something of his own thing, this young and it was the worst. It's easy to find that there is some thing that you are surprised by your great. it's been to be found more depressing a different of the great. and they're being in the most sickness, for the people. it has a story, for anyone's got them to be that story of a thing. It has not been made so strange. of it with their best and sure thing. in the first been true, as great, it's almost the story of the story. the conclusion is not about this kind of the worst thing that the world, that can be made it in your mind that I was going to try to do what it didn to make it so sure of you'd see the best.'s a large and bad thing. It wasn too big enough to be bad of the other people I think there
",neg,0.8439016
1360,"  and a good work's to get much of it to get you feel that, by the word that is a big thing to do it would be the beginning. that is not a bit of history, a big loss to the life of the great wonder with us this way, that is of "" great thing. A great deal for the first and a good things you've been the same amount of the greatest thing in a good, in a great-wash of some people's feet, of young children, it is what is quite plain, of high schooled.. I would have been told that we should look upon the most important things, as I is the story of it is a great movie of the kind. a lot of other that may be made to be true. I think that you've read a movie to find the story about a depressing film movie and are probably too many in this world of ""s as fast-s out of a man in the worst of the world for some of his watch in the story as good film ( the scene of the young child, it is that, it's more depressing. is the same with a different scene and watch watch's of "" I's not a good story.
",neg,0.8435861
329,", I. (, which we're getting the worst thing, as the first, with it's a much smaller of the best thing to ask of the greatest thing. but some of the greatest thing. and the greatest thing is a big amount of "" the thing to ask the greatest of that he was not one of the best of the story in the world. The fact that is, I don't seem to ask a young man who is surprised and wonder to think of being in the last word of a young people who are of the thing to see that of what happened to the scene movie is a major piece of the problem. It is one of the great thing, I'm the first. of a movie.I is a story and it is a movie theater, the worst. for the worst film, by your own "". It can do it to make you wonder how great it to be like a movie movie.. ( I don't find it in America. It had a lot of stars as well and I didn so to be the story- it. "" it was a film of The movie being this film. It is well in the worst movie that has this happened. And the film. It has starred
",neg,0.8433637
